28	17
17	28
47	43
43	47
49	24
24	49
54	14
14	54
55	48
48	55
56	44
44	56
59	6
6	59
63	48
48	63
65	56
56	65
87	78
78	87
90	58
58	90
91	22
22	91
91	51
51	91
92	91
91	92
94	80
80	94
95	28
28	95
96	69
69	96
100	10
10	100
105	9
9	105
106	98
98	106
109	59
59	109
109	61
61	109
111	82
82	111
113	60
60	113
116	98
98	116
117	2
2	117
119	78
78	119
120	4
4	120
120	88
88	120
121	69
69	121
121	103
103	121
123	121
121	123
124	7
7	124
127	106
106	127
128	12
12	128
130	105
105	130
134	118
118	134
135	50
50	135
136	39
39	136
142	132
132	142
143	43
43	143
143	109
109	143
144	118
118	144
147	74
74	147
150	78
78	150
150	81
81	150
151	55
55	151
152	45
45	152
154	21
21	154
154	27
27	154
155	58
58	155
156	73
73	156
159	132
132	159
160	67
67	160
160	85
85	160
164	60
60	164
164	146
146	164
166	4
4	166
167	3
3	167
167	37
37	167
169	59
59	169
169	162
162	169
172	130
130	172
178	93
93	178
179	83
83	179
182	5
5	182
183	78
78	183
183	144
144	183
184	40
40	184
186	13
13	186
187	106
106	187
189	74
74	189
190	70
70	190
191	5
5	191
194	41
41	194
194	133
133	194
197	39
39	197
199	105
105	199
199	193
193	199
201	144
144	201
202	67
67	202
203	58
58	203
203	122
122	203
205	64
64	205
209	11
11	209
209	78
78	209
209	161
161	209
210	36
36	210
211	57
57	211
213	167
167	213
216	90
90	216
217	48
48	217
218	135
135	218
220	25
25	220
220	121
121	220
221	11
11	221
222	95
95	222
222	164
164	222
223	20
20	223
223	105
105	223
224	111
111	224
226	5
5	226
226	110
110	226
227	34
34	227
228	184
184	228
231	114
114	231
231	129
129	231
232	227
227	232
234	5
5	234
234	157
157	234
235	186
186	235
236	72
72	236
237	50
50	237
237	147
147	237
237	195
195	237
237	218
218	237
238	90
90	238
238	203
203	238
239	98
98	239
239	127
127	239
240	121
121	240
242	186
186	242
243	102
102	243
244	67
67	244
244	85
85	244
245	98
98	245
247	42
42	247
250	120
120	250
250	166
166	250
251	9
9	251
253	108
108	253
254	113
113	254
256	114
114	256
256	173
173	256
257	69
69	257
258	105
105	258
259	252
252	259
260	153
153	260
261	61
61	261
263	69
69	263
264	42
42	264
265	98
98	265
265	211
211	265
265	243
243	265
266	20
20	266
266	47
47	266
266	141
141	266
266	220
220	266
267	226
226	267
267	234
234	267
268	33
33	268
268	108
108	268
269	207
207	269
270	81
81	270
270	86
86	270
270	188
188	270
271	81
81	271
271	222
222	271
272	117
117	272
274	185
185	274
275	34
34	275
275	261
261	275
278	22
22	278
278	248
248	278
279	133
133	279
279	134
134	279
280	172
172	280
281	19
19	281
281	94
94	281
281	218
218	281
282	169
169	282
284	190
190	284
285	215
215	285
287	28
28	287
287	228
228	287
290	3
3	290
290	37
37	290
290	213
213	290
291	244
244	291
291	288
288	291
292	1
1	292
292	72
72	292
293	194
194	293
294	92
92	294
294	179
179	294
295	125
125	295
295	126
126	295
295	186
186	295
297	97
97	297
297	253
253	297
298	97
97	298
298	167
167	298
298	290
290	298
299	248
248	299
299	266
266	299
301	30
30	301
301	102
102	301
302	246
246	302
305	133
133	305
307	112
112	307
308	81
81	308
308	188
188	308
309	115
115	309
309	201
201	309
309	303
303	309
310	154
154	310
310	301
301	310
311	105
105	311
311	251
251	311
312	209
209	312
313	69
69	313
313	76
76	313
313	123
123	313
313	181
181	313
314	20
20	314
314	47
47	314
314	141
141	314
314	220
220	314
314	278
278	314
314	299
299	314
315	218
218	315
315	257
257	315
316	150
150	316
316	151
151	316
317	53
53	317
318	310
310	318
321	44
44	321
322	147
147	322
323	125
125	323
323	126
126	323
324	166
166	324
326	182
182	326
326	234
234	326
327	183
183	327
329	14
14	329
329	258
258	329
330	36
36	330
330	261
261	330
331	60
60	331
332	205
205	332
333	158
158	333
334	200
200	334
334	302
302	334
335	13
13	335
335	233
233	335
335	242
242	335
338	17
17	338
338	95
95	338
338	258
258	338
338	287
287	338
339	54
54	339
339	110
110	339
339	219
219	339
340	216
216	340
341	5
5	341
341	110
110	341
341	267
267	341
342	125
125	342
342	126
126	342
343	73
73	343
343	87
87	343
343	308
308	343
344	39
39	344
344	148
148	344
344	328
328	344
345	97
97	345
345	253
253	345
346	142
142	346
346	159
159	346
347	9
9	347
347	144
144	347
348	0
0	348
348	68
68	348
349	46
46	349
350	57
57	350
350	265
265	350
351	112
112	351
352	122
122	352
353	174
174	353
354	185
185	354
355	110
110	355
355	273
273	355
357	8
8	357
357	244
244	357
357	260
260	357
357	315
315	357
358	37
37	358
358	164
164	358
359	174
174	359
361	17
17	361
361	45
45	361
361	95
95	361
361	133
133	361
361	135
135	361
361	138
138	361
361	287
287	361
361	348
348	361
362	280
280	362
362	285
285	362
362	294
294	362
363	358
358	363
364	58
58	364
365	295
295	365
365	342
342	365
366	56
56	366
366	93
93	366
366	290
290	366
367	133
133	367
367	309
309	367
367	348
348	367
368	178
178	368
369	346
346	369
370	55
55	370
371	91
91	371
371	277
277	371
373	221
221	373
373	295
295	373
374	285
285	374
375	45
45	375
375	133
133	375
375	135
135	375
375	309
309	375
375	348
348	375
376	119
119	376
376	151
151	376
377	19
19	377
377	81
81	377
377	343
343	377
378	23
23	378
379	9
9	379
380	24
24	380
381	351
351	381
383	170
170	383
384	20
20	384
384	105
105	384
384	212
212	384
384	338
338	384
385	242
242	385
386	311
311	386
387	167
167	387
387	207
207	387
387	290
290	387
387	374
374	387
388	151
151	388
388	271
271	388
389	60
60	389
389	163
163	389
389	299
299	389
389	358
358	389
390	65
65	390
390	198
198	390
392	50
50	392
392	94
94	392
392	218
218	392
393	90
90	393
393	203
203	393
393	335
335	393
394	295
295	394
395	369
369	395
396	49
49	396
396	115
115	396
396	236
236	396
396	305
305	396
396	361
361	396
396	380
380	396
397	11
11	397
397	373
373	397
398	14
14	398
399	269
269	399
400	121
121	400
400	231
231	400
400	263
263	400
402	4
4	402
402	328
328	402
402	337
337	402
403	358
358	403
405	33
33	405
405	40
40	405
405	89
89	405
406	274
274	406
407	70
70	407
407	105
105	407
407	284
284	407
407	303
303	407
407	338
338	407
408	164
164	408
408	178
178	408
408	271
271	408
409	132
132	409
409	208
208	409
409	346
346	409
410	108
108	410
410	146
146	410
410	334
334	410
410	345
345	410
412	405
405	412
413	121
121	413
414	96
96	414
414	353
353	414
415	4
4	415
415	88
88	415
415	250
250	415
416	4
4	416
416	192
192	416
416	250
250	416
416	284
284	416
417	67
67	417
417	197
197	417
417	216
216	417
417	364
364	417
417	398
398	417
418	20
20	418
418	105
105	418
418	338
338	418
419	199
199	419
419	295
295	419
419	323
323	419
419	342
342	419
420	192
192	420
420	202
202	420
420	244
244	420
420	284
284	420
421	155
155	421
421	185
185	421
421	406
406	421
422	195
195	422
422	208
208	422
422	306
306	422
424	81
81	424
424	86
86	424
424	126
126	424
424	231
231	424
426	390
390	426
428	74
74	428
428	422
422	428
429	235
235	429
430	5
5	430
430	267
267	430
431	18
18	431
431	133
133	431
431	422
422	431
432	251
251	432
433	81
81	433
433	154
154	433
433	317
317	433
434	271
271	434
435	94
94	435
435	300
300	435
436	58
58	436
436	73
73	436
436	238
238	436
436	393
393	436
437	174
174	437
438	45
45	438
438	133
133	438
438	135
135	438
438	138
138	438
438	309
309	438
438	348
348	438
438	393
393	438
439	131
131	439
439	348
348	439
439	414
414	439
440	11
11	440
440	161
161	440
440	188
188	440
440	290
290	440
440	312
312	440
441	64
64	441
441	309
309	441
442	67
67	442
442	197
197	442
442	216
216	442
442	291
291	442
442	316
316	442
442	376
376	442
442	388
388	442
443	292
292	443
444	14
14	444
444	275
275	444
444	339
339	444
444	394
394	444
445	221
221	445
445	349
349	445
446	244
244	446
446	417
417	446
446	442
442	446
447	40
40	447
447	220
220	447
448	110
110	448
448	248
248	448
449	78
78	449
449	192
192	449
449	203
203	449
449	290
290	449
449	352
352	449
450	103
103	450
450	422
422	450
451	144
144	451
451	230
230	451
451	335
335	451
452	20
20	452
453	69
69	453
453	103
103	453
453	273
273	453
453	395
395	453
454	219
219	454
454	342
342	454
455	43
43	455
455	164
164	455
456	37
37	456
456	117
117	456
456	142
142	456
456	363
363	456
457	114
114	457
457	129
129	457
457	400
400	457
458	135
135	458
458	237
237	458
458	392
392	458
458	424
424	458
459	12
12	459
459	256
256	459
459	286
286	459
459	364
364	459
459	398
398	459
460	141
141	460
460	220
220	460
461	121
121	461
462	233
233	462
463	141
141	463
463	220
220	463
464	163
163	464
464	455
455	464
465	417
417	465
465	429
429	465
465	459
459	465
465	462
462	465
466	97
97	466
466	253
253	466
466	410
410	466
467	100
100	467
467	149
149	467
467	459
459	467
468	405
405	468
469	295
295	469
469	323
323	469
469	342
342	469
470	68
68	470
470	100
100	470
470	260
260	470
470	330
330	470
470	359
359	470
471	22
22	471
471	28
28	471
471	51
51	471
471	338
338	471
471	347
347	471
471	361
361	471
472	248
248	472
472	271
271	472
472	389
389	472
472	447
447	472
472	463
463	472
473	29
29	473
473	324
324	473
473	454
454	473
474	70
70	474
474	86
86	474
475	154
154	475
476	110
110	476
476	219
219	476
476	326
326	476
476	360
360	476
477	27
27	477
477	433
433	477
477	435
435	477
478	418
418	478
479	46
46	479
479	80
80	479
479	138
138	479
479	309
309	479
480	273
273	480
480	309
309	480
481	35
35	481
481	335
335	481
481	477
477	481
482	16
16	482
483	31
31	483
483	441
441	483
484	213
213	484
485	252
252	485
485	353
353	485
485	359
359	485
485	373
373	485
485	394
394	485
487	260
260	487
489	152
152	489
489	381
381	489
489	480
480	489
490	425
425	490
491	147
147	491
491	450
450	491
491	479
479	491
492	405
405	492
493	9
9	493
493	45
45	493
493	133
133	493
493	135
135	493
493	138
138	493
493	348
348	493
494	118
118	494
494	305
305	494
495	29
29	495
495	324
324	495
495	454
454	495
496	309
309	496
497	153
153	497
497	166
166	497
497	350
350	497
498	89
89	498
498	108
108	498
499	69
69	499
499	125
125	499
499	218
218	499
499	240
240	499
499	273
273	499
499	365
365	499
499	457
457	499
500	0
0	500
500	96
96	500
501	173
173	501
502	5
5	502
502	110
110	502
502	326
326	502
504	48
48	504
504	337
337	504
505	91
91	505
505	258
258	505
505	277
277	505
505	488
488	505
506	118
118	506
506	201
201	506
506	347
347	506
508	413
413	508
509	61
61	509
509	143
143	509
509	335
335	509
510	269
269	510
511	118
118	511
511	201
201	511
511	347
347	511
512	12
12	512
513	173
173	513
513	240
240	513
513	363
363	513
514	405
405	514
515	71
71	515
515	189
189	515
515	195
195	515
515	218
218	515
515	357
357	515
515	450
450	515
516	355
355	516
516	480
480	516
517	118
118	517
517	201
201	517
517	347
347	517
518	56
56	518
518	89
89	518
518	101
101	518
518	108
108	518
518	394
394	518
519	120
120	519
519	415
415	519
519	416
416	519
520	152
152	520
520	279
279	520
520	361
361	520
520	493
493	520
521	435
435	521
522	115
115	522
522	201
201	522
522	303
303	522
522	375
375	522
523	60
60	523
523	146
146	523
523	155
155	523
523	188
188	523
524	67
67	524
524	364
364	524
524	398
398	524
524	465
465	524
525	90
90	525
525	244
244	525
525	340
340	525
526	165
165	526
526	177
177	526
526	225
225	526
527	188
188	527
528	207
207	528
528	406
406	528
528	510
510	528
529	242
242	529
529	349
349	529
530	193
193	530
530	419
419	530
531	133
133	531
531	309
309	531
531	348
348	531
531	393
393	531
531	396
396	531
531	522
522	531
532	12
12	532
532	501
501	532
532	508
508	532
533	96
96	533
535	166
166	535
536	511
511	536
537	108
108	537
537	447
447	537
538	94
94	538
539	246
246	539
539	335
335	539
540	131
131	540
540	473
473	540
541	191
191	541
541	210
210	541
541	394
394	541
542	244
244	542
542	281
281	542
542	425
425	542
543	151
151	543
543	370
370	543
544	154
154	544
544	217
217	544
544	486
486	544
545	62
62	545
546	48
48	546
546	337
337	546
547	113
113	547
547	164
164	547
547	331
331	547
547	389
389	547
547	523
523	547
547	527
527	547
548	172
172	548
549	160
160	549
549	244
244	549
549	524
524	549
550	68
68	550
550	94
94	550
550	180
180	550
550	439
439	550
551	159
159	551
551	186
186	551
551	335
335	551
552	254
254	552
553	22
22	553
553	51
51	553
553	132
132	553
553	522
522	553
554	151
151	554
554	370
370	554
555	116
116	555
555	262
262	555
556	150
150	556
556	190
190	556
556	407
407	556
557	135
135	557
557	199
199	557
557	237
237	557
557	392
392	557
557	530
530	557
558	124
124	558
559	132
132	559
559	191
191	559
559	249
249	559
559	259
259	559
559	346
346	559
560	196
196	560
560	488
488	560
561	395
395	561
561	505
505	561
562	141
141	562
562	220
220	562
562	472
472	562
563	172
172	563
563	346
346	563
564	169
169	564
564	188
188	564
564	329
329	564
565	3
3	565
565	37
37	565
565	213
213	565
565	233
233	565
565	298
298	565
566	2
2	566
566	125
125	566
566	272
272	566
566	419
419	566
566	437
437	566
567	2
2	567
567	193
193	567
567	226
226	567
567	234
234	567
567	272
272	567
567	341
341	567
567	365
365	567
567	430
430	567
568	17
17	568
568	95
95	568
568	471
471	568
568	487
487	568
569	1
1	569
569	192
192	569
569	284
284	569
569	475
475	569
569	540
540	569
570	82
82	570
570	224
224	570
570	540
540	570
571	98
98	571
571	127
127	571
571	187
187	571
571	243
243	571
572	362
362	572
572	505
505	572
573	54
54	573
573	444
444	573
574	559
559	574
575	255
255	575
575	300
300	575
575	437
437	575
576	156
156	576
576	210
210	576
576	230
230	576
576	313
313	576
576	340
340	576
576	352
352	576
577	65
65	577
577	250
250	577
577	265
265	577
577	426
426	577
577	535
535	577
579	24
24	579
581	555
555	581
582	215
215	582
582	374
374	582
583	295
295	583
583	323
323	583
583	342
342	583
583	575
575	583
584	7
7	584
584	103
103	584
584	327
327	584
585	134
134	585
585	258
258	585
586	153
153	586
586	364
364	586
586	398
398	586
586	465
465	586
587	50
50	587
587	168
168	587
587	247
247	587
587	469
469	587
587	580
580	587
588	1
1	588
588	475
475	588
588	497
497	588
588	540
540	588
589	153
153	589
589	487
487	589
590	530
530	590
591	142
142	591
591	496
496	591
592	108
108	592
592	179
179	592
592	562
562	592
593	120
120	593
594	22
22	594
594	292
292	594
594	297
297	594
595	88
88	595
595	288
288	595
595	328
328	595
595	535
535	595
596	12
12	596
596	256
256	596
596	286
286	596
596	316
316	596
596	376
376	596
596	388
388	596
597	39
39	597
597	88
88	597
597	148
148	597
597	328
328	597
597	535
535	597
598	53
53	598
598	235
235	598
599	402
402	599
599	479
479	599
600	6
6	600
600	133
133	600
600	169
169	600
600	288
288	600
600	304
304	600
600	348
348	600
600	494
494	600
601	160
160	601
601	370
370	601
602	98
98	602
602	243
243	602
603	13
13	603
603	122
122	603
603	270
270	603
603	523
523	603
604	508
508	604
605	216
216	605
605	279
279	605
605	525
525	605
606	70
70	606
606	78
78	606
606	111
111	606
606	432
432	606
606	558
558	606
607	203
203	607
607	436
436	607
608	329
329	608
608	590
590	608
609	530
530	609
609	608
608	609
610	74
74	610
610	132
132	610
610	346
346	610
610	484
484	610
610	591
591	610
611	241
241	611
611	536
536	611
612	4
4	612
612	250
250	612
612	519
519	612
614	371
371	614
615	136
136	615
615	151
151	615
615	370
370	615
616	98
98	616
616	301
301	616
616	311
311	616
617	102
102	617
617	418
418	617
617	450
450	617
617	452
452	617
617	584
584	617
618	360
360	618
619	13
13	619
619	523
523	619
620	91
91	620
620	122
122	620
620	270
270	620
620	277
277	620
620	488
488	620
620	523
523	620
620	561
561	620
621	69
69	621
621	240
240	621
621	273
273	621
621	371
371	621
621	576
576	621
622	54
54	622
623	21
21	623
623	310
310	623
623	475
475	623
624	156
156	624
624	210
210	624
624	230
230	624
624	340
340	624
624	352
352	624
624	523
523	624
625	7
7	625
625	74
74	625
625	322
322	625
625	558
558	625
626	18
18	626
626	133
133	626
626	422
422	626
627	67
67	627
627	85
85	627
627	316
316	627
627	376
376	627
627	388
388	627
627	549
549	627
629	229
229	629
629	335
335	629
630	456
456	630
630	476
476	630
630	496
496	630
631	103
103	631
631	206
206	631
631	395
395	631
632	174
174	632
632	219
219	632
632	281
281	632
632	342
342	632
633	174
174	633
633	276
276	633
633	445
445	633
633	474
474	633
633	485
485	633
634	243
243	634
634	301
301	634
635	423
423	635
636	276
276	636
637	292
292	637
638	429
429	638
638	462
462	638
638	614
614	638
639	459
459	639
639	596
596	639
640	317
317	640
641	107
107	641
641	261
261	641
641	295
295	641
641	321
321	641
641	444
444	641
641	636
636	641
642	89
89	642
642	108
108	642
643	495
495	643
643	511
511	643
644	64
64	644
644	188
188	644
644	599
599	644
645	14
14	645
645	476
476	645
645	496
496	645
645	618
618	645
646	105
105	646
646	195
195	646
646	325
325	646
646	347
347	646
646	379
379	646
646	493
493	646
648	411
411	648
648	614
614	648
649	648
648	649
650	188
188	650
650	290
290	650
650	494
494	650
651	163
163	651
651	213
213	651
651	455
455	651
651	610
610	651
652	335
335	652
652	462
462	652
652	500
500	652
652	565
565	652
653	53
53	653
653	151
151	653
653	323
323	653
653	442
442	653
653	596
596	653
653	627
627	653
654	289
289	654
654	453
453	654
654	631
631	654
654	651
651	654
655	166
166	655
655	575
575	655
655	588
588	655
656	134
134	656
656	223
223	656
656	258
258	656
656	288
288	656
656	384
384	656
656	407
407	656
657	37
37	657
657	164
164	657
657	363
363	657
657	389
389	657
657	403
403	657
658	240
240	658
658	309
309	658
658	591
591	658
659	395
395	659
660	281
281	660
660	587
587	660
661	204
204	661
661	317
317	661
661	390
390	661
661	579
579	661
661	653
653	661
662	43
43	662
662	107
107	662
662	321
321	662
662	636
636	662
663	72
72	663
663	594
594	663
663	637
637	663
664	174
174	664
664	176
176	664
664	452
452	664
664	485
485	664
665	137
137	665
665	140
140	665
665	332
332	665
665	509
509	665
665	523
523	665
666	134
134	666
666	487
487	666
666	494
494	666
667	128
128	667
667	139
139	667
667	181
181	667
667	188
188	667
667	329
329	667
668	89
89	668
669	573
573	669
670	1
1	670
670	475
475	670
670	540
540	670
671	232
232	671
672	196
196	672
672	349
349	672
672	369
369	672
672	553
553	672
673	103
103	673
673	530
530	673
673	608
608	673
674	8
8	674
674	315
315	674
674	515
515	674
674	587
587	674
675	75
75	675
675	88
88	675
675	106
106	675
675	199
199	675
675	530
530	675
676	20
20	676
676	99
99	676
676	105
105	676
676	141
141	676
676	303
303	676
676	356
356	676
676	585
585	676
676	617
617	676
677	238
238	677
677	274
274	677
678	150
150	678
678	190
190	678
678	407
407	678
679	119
119	679
679	521
521	679
680	66
66	680
680	320
320	680
681	490
490	681
681	601
601	681
682	4
4	682
682	328
328	682
682	337
337	682
682	414
414	682
682	500
500	682
684	435
435	684
684	473
473	684
684	495
495	684
685	54
54	685
685	309
309	685
685	591
591	685
685	645
645	685
686	98
98	686
686	211
211	686
686	243
243	686
686	350
350	686
686	577
577	686
687	173
173	687
687	188
188	687
687	240
240	687
687	329
329	687
687	398
398	687
688	96
96	688
689	98
98	689
689	243
243	689
690	381
381	690
691	11
11	691
691	161
161	691
691	163
163	691
691	290
290	691
691	299
299	691
691	312
312	691
691	494
494	691
692	67
67	692
692	197
197	692
692	216
216	692
692	291
291	692
692	446
446	692
692	601
601	692
693	202
202	693
693	308
308	693
693	377
377	693
695	91
91	695
695	277
277	695
695	488
488	695
695	523
523	695
695	561
561	695
696	596
596	696
697	70
70	697
698	8
8	698
698	538
538	698
698	550
550	698
698	587
587	698
699	43
43	699
699	102
102	699
699	164
164	699
699	584
584	699
699	673
673	699
700	103
103	700
700	395
395	700
700	654
654	700
701	69
69	701
701	240
240	701
701	273
273	701
701	371
371	701
701	638
638	701
702	40
40	702
702	468
468	702
703	45
45	703
703	133
133	703
703	135
135	703
703	138
138	703
703	348
348	703
703	573
573	703
704	513
513	704
704	658
658	704
704	687
687	704
705	7
7	705
705	558
558	705
705	646
646	705
707	204
204	707
707	226
226	707
707	234
234	707
707	341
341	707
707	430
430	707
708	174
174	708
708	566
566	708
709	199
199	709
709	281
281	709
709	530
530	709
710	110
110	710
710	248
248	710
711	97
97	711
711	410
410	711
712	72
72	712
712	661
661	712
713	175
175	713
713	318
318	713
714	160
160	714
714	192
192	714
714	244
244	714
714	284
284	714
714	524
524	714
714	627
627	714
715	191
191	715
715	208
208	715
715	548
548	715
715	574
574	715
715	659
659	715
716	179
179	716
716	562
562	716
717	41
41	717
717	46
46	717
717	309
309	717
717	591
591	717
717	599
599	717
718	163
163	718
718	290
290	718
718	299
299	718
718	494
494	718
719	70
70	719
719	168
168	719
719	284
284	719
719	300
300	719
719	437
437	719
719	556
556	719
719	580
580	719
719	678
678	719
720	32
32	720
720	124
124	720
720	584
584	720
720	625
625	720
720	705
705	720
721	22
22	721
721	51
51	721
721	132
132	721
721	522
522	721
722	38
38	722
722	346
346	722
722	351
351	722
722	609
609	722
723	0
0	723
723	353
353	723
723	536
536	723
723	682
682	723
724	160
160	724
724	289
289	724
724	370
370	724
724	464
464	724
724	651
651	724
724	681
681	724
724	692
692	724
725	294
294	725
725	471
471	725
726	223
223	726
726	452
452	726
727	4
4	727
727	176
176	727
727	328
328	727
727	337
337	727
727	452
452	727
728	91
91	728
728	268
268	728
728	471
471	728
728	553
553	728
728	721
721	728
729	429
429	729
729	462
462	729
729	523
523	729
730	433
433	730
730	446
446	730
732	172
172	732
732	346
346	732
733	184
184	733
733	405
405	733
734	115
115	734
734	201
201	734
734	303
303	734
734	369
369	734
734	375
375	734
734	721
721	734
735	161
161	735
735	185
185	735
736	416
416	736
736	420
420	736
736	569
569	736
736	640
640	736
736	714
714	736
737	81
81	737
737	188
188	737
737	388
388	737
737	678
678	737
738	6
6	738
738	463
463	738
738	711
711	738
739	315
315	739
739	348
348	739
739	550
550	739
739	599
599	739
740	121
121	740
740	453
453	740
741	154
154	741
741	206
206	741
741	371
371	741
741	397
397	741
741	477
477	741
742	385
385	742
742	529
529	742
742	721
721	742
743	67
67	743
743	415
415	743
743	549
549	743
743	612
612	743
743	670
670	743
744	248
248	744
744	712
712	744
745	167
167	745
745	191
191	745
745	208
208	745
745	290
290	745
745	565
565	745
745	574
574	745
746	91
91	746
746	277
277	746
746	488
488	746
746	561
561	746
746	614
614	746
746	701
701	746
747	237
237	747
747	422
422	747
747	491
491	747
748	137
137	748
748	671
671	748
749	381
381	749
749	680
680	749
750	577
577	750
750	648
648	750
751	194
194	751
751	218
218	751
751	247
247	751
751	361
361	751
751	493
493	751
751	557
557	751
751	703
703	751
752	208
208	752
752	306
306	752
752	513
513	752
753	290
290	753
753	408
408	753
753	434
434	753
753	472
472	753
753	494
494	753
754	108
108	754
754	562
562	754
754	702
702	754
755	10
10	755
755	219
219	755
755	326
326	755
755	329
329	755
755	360
360	755
756	167
167	756
756	290
290	756
756	565
565	756
757	76
76	757
757	244
244	757
757	260
260	757
757	425
425	757
757	512
512	757
757	611
611	757
757	628
628	757
757	740
740	757
758	486
486	758
758	554
554	758
759	120
120	759
759	259
259	759
760	11
11	760
760	100
100	760
760	373
373	760
760	459
459	760
761	94
94	761
761	162
162	761
761	282
282	761
761	564
564	761
761	698
698	761
762	368
368	762
762	478
478	762
762	633
633	762
763	482
482	763
763	758
758	763
764	248
248	764
764	389
389	764
764	691
691	764
764	718
718	764
765	380
380	765
765	577
577	765
765	702
702	765
766	337
337	766
766	758
758	766
767	74
74	767
767	132
132	767
767	346
346	767
767	484
484	767
767	591
591	767
768	49
49	768
768	236
236	768
768	361
361	768
768	380
380	768
768	493
493	768
768	703
703	768
769	116
116	769
769	262
262	769
769	581
581	769
770	99
99	770
770	399
399	770
770	505
505	770
770	746
746	770
771	163
163	771
771	455
455	771
771	654
654	771
771	724
724	771
772	331
331	772
772	504
504	772
772	574
574	772
772	766
766	772
773	18
18	773
773	253
253	773
773	254
254	773
774	156
156	774
774	176
176	774
774	210
210	774
774	230
230	774
774	319
319	774
774	340
340	774
774	352
352	774
775	68
68	775
775	94
94	775
775	632
632	775
775	660
660	775
776	177
177	776
776	273
273	776
776	309
309	776
776	516
516	776
776	591
591	776
777	83
83	777
777	563
563	777
777	582
582	777
778	363
363	778
778	752
752	778
779	16
16	779
779	67
67	779
779	420
420	779
780	389
389	780
780	464
464	780
780	523
523	780
781	9
9	781
781	40
40	781
781	427
427	781
781	492
492	781
781	572
572	781
781	733
733	781
782	631
631	782
782	723
723	782
784	279
279	784
784	361
361	784
784	479
479	784
784	493
493	784
784	703
703	784
785	29
29	785
785	78
78	785
785	343
343	785
785	580
580	785
786	246
246	786
786	335
335	786
786	462
462	786
786	565
565	786
787	422
422	787
788	196
196	788
788	229
229	788
789	339
339	789
789	355
355	789
789	476
476	789
790	3
3	790
790	37
37	790
790	213
213	790
790	295
295	790
790	298
298	790
791	91
91	791
791	258
258	791
791	277
277	791
791	488
488	791
791	561
561	791
791	608
608	791
792	46
46	792
792	173
173	792
792	240
240	792
792	309
309	792
792	591
591	792
792	704
704	792
793	80
80	793
793	309
309	793
793	491
491	793
793	591
591	793
793	599
599	793
793	784
784	793
794	459
459	794
794	644
644	794
794	667
667	794
795	160
160	795
795	244
244	795
795	524
524	795
795	593
593	795
795	627
627	795
795	759
759	795
796	1
1	796
796	70
70	796
796	78
78	796
796	443
443	796
797	79
79	797
797	94
94	797
797	306
306	797
797	431
431	797
797	545
545	797
797	626
626	797
798	560
560	798
798	734
734	798
798	742
742	798
799	383
383	799
799	584
584	799
800	254
254	800
800	495
495	800
800	511
511	800
800	611
611	800
800	723
723	800
801	302
302	801
802	74
74	802
802	132
132	802
802	551
551	802
802	591
591	802
802	651
651	802
803	16
16	803
803	387
387	803
803	434
434	803
803	478
478	803
803	654
654	803
804	315
315	804
804	348
348	804
804	599
599	804
804	775
775	804
805	54
54	805
805	73
73	805
805	87
87	805
805	785
785	805
806	232
232	806
807	144
144	807
807	506
506	807
807	511
511	807
807	517
517	807
807	573
573	807
808	13
13	808
808	608
608	808
810	42
42	810
810	74
74	810
810	322
322	810
811	124
124	811
811	584
584	811
811	625
625	811
811	705
705	811
813	231
231	813
813	457
457	813
814	322
322	814
814	530
530	814
814	608
608	814
815	149
149	815
815	308
308	815
815	523
523	815
816	53
53	816
816	190
190	816
816	323
323	816
816	407
407	816
816	661
661	816
817	146
146	817
817	189
189	817
817	334
334	817
817	625
625	817
817	810
810	817
817	814
814	817
819	14
14	819
819	258
258	819
819	608
608	819
819	687
687	819
821	25
25	821
821	121
121	821
821	369
369	821
821	631
631	821
821	659
659	821
822	70
70	822
822	78
78	822
822	376
376	822
822	720
720	822
823	136
136	823
823	337
337	823
823	772
772	823
824	20
20	824
824	47
47	824
824	141
141	824
824	220
220	824
824	299
299	824
825	12
12	825
825	256
256	825
825	286
286	825
825	639
639	825
825	696
696	825
826	75
75	826
826	106
106	826
826	587
587	826
826	602
602	826
827	218
218	827
827	357
357	827
827	361
361	827
827	367
367	827
827	493
493	827
827	557
557	827
827	674
674	827
827	703
703	827
828	275
275	828
828	335
335	828
829	36
36	829
829	261
261	829
829	276
276	829
829	445
445	829
829	474
474	829
829	762
762	829
830	242
242	830
830	249
249	830
830	690
690	830
830	742
742	830
831	238
238	831
833	62
62	833
833	293
293	833
833	309
309	833
833	489
489	833
833	591
591	833
833	599
599	833
834	340
340	834
834	605
605	834
834	615
615	834
834	823
823	834
835	34
34	835
835	43
43	835
835	828
828	835
836	40
40	836
836	468
468	836
836	514
514	836
837	164
164	837
837	561
561	837
837	659
659	837
837	691
691	837
838	125
125	838
838	126
126	838
838	419
419	838
838	469
469	838
838	583
583	838
838	618
618	838
839	215
215	839
839	346
346	839
839	374
374	839
839	734
734	839
840	78
78	840
840	81
81	840
840	86
86	840
840	192
192	840
840	678
678	840
841	41
41	841
841	309
309	841
841	591
591	841
841	599
599	841
842	423
423	842
842	659
659	842
843	35
35	843
843	70
70	843
843	78
78	843
843	477
477	843
844	30
30	844
844	68
68	844
844	310
310	844
844	330
330	844
844	359
359	844
845	598
598	845
845	632
632	845
846	95
95	846
846	164
164	846
846	366
366	846
846	561
561	846
847	88
88	847
847	250
250	847
847	497
497	847
847	519
519	847
848	74
74	848
848	484
484	848
848	513
513	848
848	778
778	848
849	98
98	849
849	243
243	849
850	153
153	850
850	487
487	850
850	601
601	850
850	724
724	850
851	295
295	851
851	342
342	851
851	575
575	851
851	838
838	851
852	45
45	852
852	133
133	852
852	134
134	852
852	135
135	852
852	138
138	852
852	348
348	852
852	494
494	852
853	228
228	853
853	269
269	853
853	523
523	853
853	770
770	853
854	325
325	854
854	346
346	854
854	742
742	854
855	25
25	855
855	121
121	855
855	369
369	855
855	631
631	855
855	659
659	855
855	770
770	855
856	40
40	856
856	222
222	856
856	492
492	856
856	733
733	856
856	846
846	856
857	72
72	857
857	594
594	857
857	637
637	857
858	123
123	858
858	363
363	858
858	461
461	858
858	848
848	858
859	206
206	859
859	371
371	859
859	576
576	859
859	746
746	859
859	782
782	859
860	508
508	860
861	67
67	861
861	525
525	861
861	693
693	861
862	20
20	862
862	212
212	862
862	255
255	862
862	300
300	862
862	437
437	862
862	580
580	862
862	617
617	862
862	655
655	862
863	170
170	863
863	309
309	863
863	506
506	863
863	511
511	863
863	522
522	863
863	734
734	863
863	828
828	863
864	251
251	864
864	540
540	864
864	807
807	864
865	369
369	865
865	384
384	865
865	452
452	865
865	659
659	865
865	770
770	865
865	862
862	865
867	76
76	867
867	81
81	867
867	123
123	867
867	181
181	867
867	413
413	867
867	736
736	867
868	160
160	868
868	659
659	868
868	681
681	868
868	692
692	868
868	850
850	868
869	133
133	869
869	348
348	869
869	494
494	869
869	593
593	869
869	827
827	869
870	10
10	870
870	188
188	870
870	273
273	870
870	329
329	870
870	516
516	870
870	819
819	870
871	227
227	871
871	354
354	871
871	735
735	871
872	35
35	872
872	246
246	872
872	401
401	872
873	80
80	873
873	392
392	873
873	587
587	873
874	105
105	874
874	329
329	874
874	338
338	874
874	505
505	874
874	585
585	874
874	791
791	874
875	136
136	875
875	197
197	875
875	236
236	875
875	344
344	875
875	597
597	875
875	712
712	875
876	29
29	876
876	32
32	876
876	324
324	876
876	454
454	876
876	652
652	876
876	684
684	876
876	822
822	876
877	74
74	877
877	97
97	877
877	423
423	877
877	484
484	877
877	659
659	877
878	5
5	878
878	110
110	878
878	326
326	878
878	707
707	878
879	391
391	879
879	583
583	879
879	609
609	879
879	673
673	879
879	814
814	879
879	851
851	879
880	423
423	880
880	659
659	880
881	42
42	881
881	244
244	881
881	260
260	881
881	751
751	881
881	825
825	881
882	21
21	882
882	39
39	882
882	383
383	882
882	443
443	882
882	875
875	882
883	1
1	883
883	334
334	883
883	443
443	883
883	801
801	883
885	237
237	885
885	491
491	885
885	555
555	885
885	769
769	885
886	877
877	886
886	880
880	886
887	111
111	887
887	230
230	887
887	335
335	887
887	432
432	887
887	500
500	887
887	565
565	887
888	329
329	888
888	505
505	888
888	590
590	888
888	808
808	888
889	7
7	889
889	327
327	889
889	646
646	889
889	799
799	889
889	854
854	889
890	501
501	890
890	872
872	890
891	772
772	891
892	292
292	892
892	301
301	892
892	796
796	892
892	844
844	892
893	78
78	893
893	290
290	893
893	494
494	893
894	150
150	894
894	449
449	894
894	840
840	894
895	490
490	895
895	601
601	895
895	724
724	895
895	868
868	895
896	707
707	896
896	711
711	896
896	820
820	896
896	824
824	896
897	133
133	897
897	134
134	897
897	288
288	897
897	348
348	897
897	494
494	897
898	307
307	898
898	467
467	898
898	505
505	898
898	746
746	898
898	815
815	898
899	53
53	899
899	150
150	899
899	209
209	899
899	323
323	899
899	661
661	899
899	893
893	899
900	453
453	900
900	631
631	900
900	700
700	900
901	66
66	901
901	409
409	901
901	534
534	901
901	610
610	901
901	767
767	901
903	248
248	903
904	254
254	904
904	302
302	904
904	435
435	904
904	539
539	904
904	813
813	904
904	866
866	904
905	130
130	905
905	190
190	905
905	280
280	905
905	319
319	905
905	530
530	905
905	548
548	905
905	563
563	905
905	732
732	905
905	888
888	905
906	22
22	906
906	51
51	906
906	403
403	906
906	635
635	906
906	728
728	906
906	877
877	906
907	351
351	907
908	76
76	908
908	512
512	908
908	587
587	908
908	611
611	908
908	628
628	908
908	740
740	908
909	471
471	909
909	716
716	909
909	906
906	909
910	12
12	910
910	84
84	910
910	257
257	910
910	501
501	910
911	119
119	911
911	584
584	911
911	889
889	911
912	335
335	912
912	349
349	912
913	141
141	913
913	234
234	913
913	472
472	913
914	31
31	914
914	67
67	914
914	85
85	914
914	362
362	914
914	381
381	914
914	549
549	914
914	714
714	914
914	795
795	914
915	175
175	915
915	844
844	915
916	250
250	916
916	265
265	916
916	535
535	916
916	686
686	916
916	711
711	916
916	750
750	916
916	820
820	916
917	103
103	917
917	286
286	917
917	395
395	917
917	639
639	917
917	648
648	917
917	654
654	917
917	900
900	917
918	487
487	918
918	573
573	918
919	156
156	919
919	210
210	919
919	230
230	919
919	340
340	919
919	352
352	919
919	459
459	919
919	914
914	919
921	9
9	921
921	111
111	921
921	506
506	921
921	511
511	921
921	570
570	921
922	592
592	922
922	642
642	922
922	748
748	922
923	37
37	923
923	117
117	923
923	142
142	923
923	363
363	923
923	630
630	923
924	107
107	924
924	188
188	924
924	290
290	924
924	494
494	924
924	853
853	924
925	12
12	925
925	256
256	925
925	286
286	925
925	601
601	925
925	639
639	925
925	696
696	925
925	724
724	925
925	868
868	925
926	126
126	926
926	182
182	926
926	193
193	926
926	234
234	926
926	365
365	926
926	469
469	926
926	502
502	926
926	851
851	926
926	878
878	926
927	235
235	927
927	295
295	927
927	382
382	927
927	629
629	927
927	912
912	927
928	44
44	928
928	165
165	928
928	177
177	928
928	225
225	928
928	523
523	928
929	48
48	929
929	337
337	929
929	772
772	929
930	53
53	930
930	323
323	930
930	640
640	930
930	661
661	930
930	867
867	930
931	164
164	931
931	389
389	931
931	523
523	931
931	527
527	931
931	817
817	931
932	135
135	932
932	237
237	932
932	244
244	932
932	392
392	932
932	425
425	932
932	825
825	932
933	206
206	933
933	371
371	933
933	638
638	933
933	746
746	933
934	254
254	934
934	435
435	934
934	481
481	934
934	813
813	934
934	843
843	934
934	866
866	934
935	128
128	935
935	459
459	935
935	512
512	935
935	825
825	935
935	910
910	935
935	925
925	935
936	310
310	936
936	713
713	936
936	915
915	936
937	24
24	937
937	34
34	937
937	232
232	937
937	268
268	937
937	537
537	937
937	871
871	937
938	55
55	938
938	63
63	938
938	68
68	938
938	217
217	938
938	330
330	938
938	359
359	938
938	504
504	938
939	1
1	939
939	475
475	939
939	540
540	939
940	49
49	940
940	339
339	940
940	355
355	940
940	380
380	940
940	476
476	940
940	579
579	940
941	170
170	941
941	569
569	941
941	588
588	941
941	670
670	941
941	882
882	941
941	939
939	941
942	253
253	942
942	268
268	942
942	410
410	942
943	133
133	943
943	253
253	943
944	29
29	944
944	324
324	944
944	454
454	944
944	606
606	944
944	684
684	944
944	887
887	944
945	75
75	945
945	128
128	945
945	336
336	945
945	503
503	945
945	512
512	945
945	532
532	945
945	910
910	945
946	320
320	946
947	208
208	947
947	306
306	947
947	402
402	947
947	943
943	947
948	269
269	948
948	298
298	948
948	528
528	948
948	767
767	948
948	848
848	948
949	459
459	949
949	564
564	949
949	914
914	949
950	176
176	950
950	348
348	950
950	452
452	950
951	188
188	951
951	290
290	951
951	494
494	951
952	112
112	952
952	334
334	952
952	780
780	952
952	898
898	952
953	447
447	953
953	460
460	953
953	482
482	953
953	562
562	953
953	589
589	953
953	779
779	953
953	895
895	953
953	913
913	953
954	69
69	954
954	533
533	954
954	599
599	954
954	866
866	954
954	947
947	954
955	148
148	955
955	239
239	955
955	336
336	955
955	363
363	955
955	519
519	955
955	752
752	955
955	848
848	955
955	849
849	955
956	139
139	956
956	181
181	956
956	309
309	956
956	332
332	956
956	591
591	956
957	91
91	957
957	471
471	957
957	518
518	957
957	553
553	957
957	668
668	957
957	906
906	957
958	148
148	958
958	239
239	958
958	336
336	958
958	519
519	958
958	669
669	958
958	703
703	958
958	807
807	958
958	849
849	958
959	196
196	959
959	249
249	959
959	534
534	959
959	553
553	959
959	690
690	959
960	371
371	960
960	638
638	960
960	746
746	960
961	348
348	961
961	599
599	961
961	947
947	961
962	81
81	962
962	155
155	962
962	188
188	962
962	316
316	962
962	556
556	962
962	619
619	962
962	678
678	962
962	695
695	962
962	729
729	962
962	894
894	962
963	120
120	963
963	331
331	963
963	416
416	963
963	574
574	963
963	597
597	963
963	847
847	963
963	891
891	963
964	385
385	964
964	579
579	964
964	629
629	964
964	677
677	964
964	788
788	964
965	147
147	965
965	334
334	965
965	428
428	965
965	780
780	965
965	814
814	965
966	81
81	966
966	86
86	966
966	188
188	966
966	624
624	966
966	678
678	966
967	208
208	967
967	306
306	967
967	513
513	967
967	778
778	967
967	955
955	967
968	164
164	968
968	389
389	968
968	523
523	968
969	74
74	969
969	132
132	969
969	249
249	969
969	259
259	969
969	307
307	969
969	560
560	969
969	591
591	969
969	771
771	969
971	40
40	971
971	468
468	971
971	514
514	971
971	837
837	971
971	868
868	971
972	348
348	972
972	599
599	972
972	947
947	972
973	30
30	973
973	310
310	973
973	497
497	973
973	892
892	973
974	263
263	974
974	355
355	974
974	453
453	974
974	480
480	974
974	499
499	974
974	776
776	974
974	870
870	974
975	93
93	975
975	327
327	975
975	368
368	975
975	408
408	975
975	799
799	975
975	884
884	975
975	911
911	975
976	75
75	976
976	88
88	976
976	575
575	976
976	602
602	976
976	879
879	976
977	66
66	977
977	320
320	977
977	732
732	977
977	749
749	977
977	839
839	977
978	53
53	978
978	323
323	978
978	449
449	978
978	661
661	978
978	840
840	978
979	384
384	979
979	452
452	979
979	862
862	979
980	39
39	980
980	244
244	980
980	861
861	980
980	875
875	980
981	183
183	981
981	451
451	981
981	521
521	981
982	112
112	982
982	722
722	982
982	946
946	982
983	146
146	983
983	285
285	983
983	334
334	983
983	582
582	983
983	839
839	983
983	931
931	983
984	18
18	984
984	253
253	984
984	254
254	984
985	309
309	985
985	332
332	985
985	538
538	985
985	591
591	985
985	599
599	985
986	120
120	986
986	795
795	986
986	939
939	986
987	33
33	987
987	89
89	987
987	132
132	987
987	351
351	987
987	412
412	987
987	522
522	987
987	788
788	987
987	982
982	987
988	91
91	988
988	417
417	988
988	459
459	988
988	488
488	988
988	524
524	988
988	561
561	988
988	586
586	988
989	446
446	989
989	474
474	989
989	719
719	989
990	38
38	990
990	221
221	990
990	325
325	990
990	329
329	990
990	349
349	990
990	590
590	990
990	791
791	990
991	5
5	991
991	236
236	991
991	326
326	991
991	707
707	991
991	926
926	991
992	202
202	992
992	244
244	992
992	779
779	992
993	31
31	993
993	354
354	993
993	735
735	993
994	403
403	994
994	635
635	994
994	877
877	994
995	78
78	995
995	168
168	995
995	580
580	995
995	899
899	995
996	21
21	996
996	475
475	996
996	544
544	996
996	631
631	996
996	859
859	996
996	933
933	996
997	73
73	997
997	680
680	997
998	66
66	998
998	534
534	998
998	677
677	998
998	831
831	998
999	1
1	999
999	94
94	999
999	300
300	999
999	443
443	999
999	521
521	999
1000	163
163	1000
1000	168
168	1000
1000	299
299	1000
1000	580
580	1000
1000	837
837	1000
1001	21
21	1001
1001	383
383	1001
1001	443
443	1001
1001	730
730	1001
1001	989
989	1001
1002	16
16	1002
1002	434
434	1002
1002	478
478	1002
1002	654
654	1002
1003	0
0	1003
1003	96
96	1003
1003	353
353	1003
1003	383
383	1003
1003	941
941	1003
1004	409
409	1004
1004	963
963	1004
1005	136
136	1005
1005	482
482	1005
1005	834
834	1005
1007	74
74	1007
1007	423
423	1007
1007	484
484	1007
1007	651
651	1007
1007	659
659	1007
1007	886
886	1007
1008	426
426	1008
1008	668
668	1008
1008	716
716	1008
1010	167
167	1010
1010	290
290	1010
1010	307
307	1010
1010	484
484	1010
1010	560
560	1010
1010	565
565	1010
1010	771
771	1010
1010	790
790	1010
1011	512
512	1011
1011	532
532	1011
1011	543
543	1011
1012	20
20	1012
1012	99
99	1012
1012	141
141	1012
1012	168
168	1012
1012	300
300	1012
1012	356
356	1012
1012	437
437	1012
1012	580
580	1012
1012	617
617	1012
1013	133
133	1013
1013	309
309	1013
1013	348
348	1013
1013	520
520	1013
1013	522
522	1013
1013	734
734	1013
1013	784
784	1013
1014	35
35	1014
1014	75
75	1014
1014	336
336	1014
1014	401
401	1014
1014	503
503	1014
1014	623
623	1014
1015	49
49	1015
1015	94
94	1015
1015	236
236	1015
1015	380
380	1015
1015	632
632	1015
1015	660
660	1015
1016	13
13	1016
1016	701
701	1016
1016	933
933	1016
1016	960
960	1016
1017	6
6	1017
1017	133
133	1017
1017	169
169	1017
1017	304
304	1017
1017	309
309	1017
1017	348
348	1017
1017	522
522	1017
1017	734
734	1017
1018	536
536	1018
1018	584
584	1018
1018	782
782	1018
1018	889
889	1018
1020	568
568	1020
1020	602
602	1020
1020	666
666	1020
1020	686
686	1020
1020	689
689	1020
1020	918
918	1020
1021	18
18	1021
1021	53
53	1021
1021	235
235	1021
1021	253
253	1021
1021	845
845	1021
1022	47
47	1022
1022	278
278	1022
1022	448
448	1022
1022	455
455	1022
1022	699
699	1022
1022	710
710	1022
1022	744
744	1022
1022	903
903	1022
1023	61
61	1023
1023	134
134	1023
1023	167
167	1023
1023	204
204	1023
1023	275
275	1023
1023	641
641	1023
1023	896
896	1023
1024	292
292	1024
1024	301
301	1024
1024	796
796	1024
1024	844
844	1024
1024	973
973	1024
1024	999
999	1024
1025	196
196	1025
1025	423
423	1025
1025	431
431	1025
1025	773
773	1025
1025	798
798	1025
1025	943
943	1025
1026	37
37	1026
1026	142
142	1026
1026	360
360	1026
1026	363
363	1026
1026	403
403	1026
1026	645
645	1026
1026	838
838	1026
1027	178
178	1027
1027	453
453	1027
1027	700
700	1027
1027	917
917	1027
1027	975
975	1027
1028	334
334	1028
1028	801
801	1028
1029	50
50	1029
1029	218
218	1029
1029	279
279	1029
1029	361
361	1029
1029	458
458	1029
1029	493
493	1029
1029	557
557	1029
1029	703
703	1029
1029	932
932	1029
1029	1013
1013	1029
1030	195
195	1030
1030	325
325	1030
1030	505
505	1030
1030	620
620	1030
1030	695
695	1030
1030	746
746	1030
1030	988
988	1030
1031	71
71	1031
1031	189
189	1031
1031	195
195	1031
1031	450
450	1031
1031	747
747	1031
1031	985
985	1031
1032	120
120	1032
1032	221
221	1032
1032	397
397	1032
1032	760
760	1032
1032	795
795	1032
1032	939
939	1032
1033	170
170	1033
1033	309
309	1033
1033	506
506	1033
1033	511
511	1033
1033	522
522	1033
1033	734
734	1033
1034	109
109	1034
1034	133
133	1034
1034	309
309	1034
1034	348
348	1034
1034	522
522	1034
1034	734
734	1034
1035	94
94	1035
1035	300
300	1035
1035	521
521	1035
1036	126
126	1036
1036	193
193	1036
1036	365
365	1036
1036	469
469	1036
1036	622
622	1036
1036	805
805	1036
1036	816
816	1036
1036	851
851	1036
1036	930
930	1036
1037	92
92	1037
1037	371
371	1037
1037	399
399	1037
1037	791
791	1037
1037	853
853	1037
1037	909
909	1037
1038	70
70	1038
1038	376
376	1038
1039	122
122	1039
1039	270
270	1039
1039	429
429	1039
1039	462
462	1039
1039	523
523	1039
1040	61
61	1040
1040	191
191	1040
1040	275
275	1040
1040	394
394	1040
1040	598
598	1040
1040	641
641	1040
1040	790
790	1040
1041	316
316	1041
1041	376
376	1041
1041	388
388	1041
1041	487
487	1041
1041	653
653	1041
1042	93
93	1042
1042	237
237	1042
1042	368
368	1042
1042	408
408	1042
1042	491
491	1042
1042	1027
1027	1042
1044	172
172	1044
1044	178
178	1044
1044	221
221	1044
1044	262
262	1044
1044	329
329	1044
1044	349
349	1044
1044	386
386	1044
1044	505
505	1044
1044	590
590	1044
1045	119
119	1045
1045	807
807	1045
1045	863
863	1045
1045	1033
1033	1045
1046	174
174	1046
1046	219
219	1046
1046	342
342	1046
1046	719
719	1046
1046	845
845	1046
1046	1012
1012	1046
1047	142
142	1047
1047	275
275	1047
1047	335
335	1047
1047	835
835	1047
1048	70
70	1048
1048	284
284	1048
1048	556
556	1048
1048	664
664	1048
1048	678
678	1048
1048	727
727	1048
1048	950
950	1048
1049	94
94	1049
1049	300
300	1049
1049	521
521	1049
1050	369
369	1050
1050	732
732	1050
1050	839
839	1050
1050	1016
1016	1050
1051	212
212	1051
1051	356
356	1051
1051	362
362	1051
1051	505
505	1051
1051	746
746	1051
1051	821
821	1051
1051	837
837	1051
1051	868
868	1051
1052	252
252	1052
1052	759
759	1052
1052	901
901	1052
1052	998
998	1052
1053	227
227	1053
1053	528
528	1053
1053	937
937	1053
1054	337
337	1054
1054	772
772	1054
1054	1011
1011	1054
1055	49
49	1055
1055	52
52	1055
1055	236
236	1055
1055	380
380	1055
1055	402
402	1055
1056	78
78	1056
1056	81
81	1056
1056	343
343	1056
1056	678
678	1056
1056	693
693	1056
1056	805
805	1056
1057	45
45	1057
1057	110
110	1057
1057	520
520	1057
1057	599
599	1057
1057	789
789	1057
1057	940
940	1057
1058	37
37	1058
1058	85
85	1058
1058	213
213	1058
1058	298
298	1058
1058	939
939	1058
1058	992
992	1058
1059	40
40	1059
1060	842
842	1060
1060	877
877	1060
1060	880
880	1060
1060	1007
1007	1060
1061	216
216	1061
1061	525
525	1061
1061	680
680	1061
1061	834
834	1061
1062	170
170	1062
1062	301
301	1062
1062	799
799	1062
1062	844
844	1062
1062	973
973	1062
1062	1003
1003	1062
1063	147
147	1063
1063	428
428	1063
1063	431
431	1063
1063	814
814	1063
1063	943
943	1063
1063	1021
1021	1063
1065	134
134	1065
1065	199
199	1065
1065	258
258	1065
1065	407
407	1065
1065	418
418	1065
1065	605
605	1065
1066	168
168	1066
1066	300
300	1066
1066	329
329	1066
1066	437
437	1066
1066	505
505	1066
1066	580
580	1066
1066	791
791	1066
1066	808
808	1066
1067	977
977	1067
1067	1050
1050	1067
1068	236
236	1068
1068	361
361	1068
1068	367
367	1068
1068	493
493	1068
1068	703
703	1068
1068	738
738	1068
1068	869
869	1068
1069	157
157	1069
1069	515
515	1069
1069	555
555	1069
1069	1031
1031	1069
1070	348
348	1070
1070	599
599	1070
1070	775
775	1070
1070	947
947	1070
1070	1055
1055	1070
1071	614
614	1071
1071	890
890	1071
1071	917
917	1071
1072	93
93	1072
1072	156
156	1072
1072	290
290	1072
1072	436
436	1072
1072	494
494	1072
1072	846
846	1072
1072	997
997	1072
1073	93
93	1073
1073	98
98	1073
1073	301
301	1073
1073	368
368	1073
1073	408
408	1073
1073	1027
1027	1073
1074	554
554	1074
1074	593
593	1074
1074	759
759	1074
1074	763
763	1074
1074	766
766	1074
1074	986
986	1074
1074	1032
1032	1074
1075	471
471	1075
1075	906
906	1075
1075	1037
1037	1075
1076	5
5	1076
1076	60
60	1076
1076	541
541	1076
1076	547
547	1076
1076	845
845	1076
1076	1040
1040	1076
1077	244
244	1077
1077	730
730	1077
1077	861
861	1077
1077	989
989	1077
1078	292
292	1078
1078	501
501	1078
1078	796
796	1078
1078	872
872	1078
1078	883
883	1078
1078	1071
1071	1078
1079	168
168	1079
1079	193
193	1079
1079	300
300	1079
1079	419
419	1079
1079	437
437	1079
1079	557
557	1079
1079	580
580	1079
1079	675
675	1079
1080	100
100	1080
1080	116
116	1080
1080	245
245	1080
1080	260
260	1080
1080	589
589	1080
1080	616
616	1080
1080	850
850	1080
1080	1073
1073	1080
1081	280
280	1081
1081	285
285	1081
1081	294
294	1081
1081	440
440	1081
1081	523
523	1081
1081	572
572	1081
1081	650
650	1081
1081	1051
1051	1081
1082	382
382	1082
1082	831
831	1082
1082	871
871	1082
1082	993
993	1082
1083	73
73	1083
1083	87
87	1083
1083	446
446	1083
1083	785
785	1083
1083	1001
1001	1083
1083	1056
1056	1083
1083	1077
1077	1083
1084	48
48	1084
1084	153
153	1084
1084	350
350	1084
1084	435
435	1084
1084	999
999	1084
1084	1035
1035	1084
1084	1049
1049	1084
1085	101
101	1085
1085	312
312	1085
1085	394
394	1085
1085	986
986	1085
1086	68
68	1086
1086	330
330	1086
1086	359
359	1086
1086	602
602	1086
1086	686
686	1086
1086	689
689	1086
1086	849
849	1086
1087	16
16	1087
1087	434
434	1087
1087	478
478	1087
1087	626
626	1087
1087	654
654	1087
1087	984
984	1087
1087	1021
1021	1087
1088	305
305	1088
1088	361
361	1088
1088	441
441	1088
1088	493
493	1088
1088	531
531	1088
1088	644
644	1088
1088	703
703	1088
1088	1057
1057	1088
1089	223
223	1089
1089	369
369	1089
1089	452
452	1089
1089	561
561	1089
1089	659
659	1089
1090	440
440	1090
1090	483
483	1090
1090	523
523	1090
1090	650
650	1090
1090	993
993	1090
1091	175
175	1091
1091	318
318	1091
1091	796
796	1091
1091	844
844	1091
1091	883
883	1091
1091	936
936	1091
1091	999
999	1091
1092	144
144	1092
1092	309
309	1092
1092	393
393	1092
1092	506
506	1092
1092	511
511	1092
1092	517
517	1092
1092	522
522	1092
1092	734
734	1092
1093	149
149	1093
1093	523
523	1093
1093	527
527	1093
1093	737
737	1093
1093	898
898	1093
1093	951
951	1093
1094	20
20	1094
1094	338
338	1094
1094	617
617	1094
1094	726
726	1094
1094	1089
1089	1094
1095	113
113	1095
1095	302
302	1095
1095	883
883	1095
1095	1028
1028	1095
1095	1076
1076	1095
1096	16
16	1096
1096	67
67	1096
1096	525
525	1096
1096	953
953	1096
1096	980
980	1096
1096	1077
1077	1096
1097	504
504	1097
1097	675
675	1097
1097	766
766	1097
1097	823
823	1097
1097	826
826	1097
1097	929
929	1097
1097	976
976	1097
1097	1054
1054	1097
1098	41
41	1098
1098	188
188	1098
1098	329
329	1098
1098	398
398	1098
1098	599
599	1098
1099	62
62	1099
1099	177
177	1099
1099	293
293	1099
1099	309
309	1099
1099	591
591	1099
1099	599
599	1099
1100	260
260	1100
1100	295
295	1100
1100	323
323	1100
1100	342
342	1100
1100	425
425	1100
1100	825
825	1100
1100	838
838	1100
1100	926
926	1100
1101	237
237	1101
1101	422
422	1101
1101	491
491	1101
1102	4
4	1102
1102	328
328	1102
1102	470
470	1102
1102	844
844	1102
1102	1086
1086	1102
1103	52
52	1103
1103	68
68	1103
1103	94
94	1103
1103	545
545	1103
1103	950
950	1103
1103	972
972	1103
1104	121
121	1104
1104	453
453	1104
1104	499
499	1104
1104	508
508	1104
1105	140
140	1105
1105	346
346	1105
1105	386
386	1105
1105	734
734	1105
1105	806
806	1105
1105	889
889	1105
1106	134
134	1106
1106	167
167	1106
1106	204
204	1106
1106	252
252	1106
1106	373
373	1106
1106	390
390	1106
1106	579
579	1106
1106	712
712	1106
1107	324
324	1107
1107	486
486	1107
1107	615
615	1107
1107	655
655	1107
1107	823
823	1107
1107	1005
1005	1107
1108	14
14	1108
1108	394
394	1108
1108	429
429	1108
1108	476
476	1108
1108	778
778	1108
1108	790
790	1108
1108	927
927	1108
1109	163
163	1109
1109	431
431	1109
1109	455
455	1109
1109	654
654	1109
1109	773
773	1109
1109	943
943	1109
1109	1021
1021	1109
1110	70
70	1110
1110	86
86	1110
1110	172
172	1110
1110	178
178	1110
1110	262
262	1110
1110	386
386	1110
1110	590
590	1110
1110	678
678	1110
1110	989
989	1110
1111	117
117	1111
1111	323
323	1111
1111	377
377	1111
1111	566
566	1111
1111	567
567	1111
1111	587
587	1111
1112	215
215	1112
1112	374
374	1112
1112	715
715	1112
1112	842
842	1112
1112	880
880	1112
1112	983
983	1112
1112	1007
1007	1112
1112	1025
1025	1112
1113	648
648	1113
1113	675
675	1113
1113	826
826	1113
1113	945
945	1113
1113	976
976	1113
1113	1014
1014	1113
1114	165
165	1114
1114	307
307	1114
1114	346
346	1114
1114	734
734	1114
1114	952
952	1114
1114	1025
1025	1114
1115	382
382	1115
1115	629
629	1115
1115	753
753	1115
1115	912
912	1115
1115	924
924	1115
1115	951
951	1115
1116	361
361	1116
1116	493
493	1116
1116	703
703	1116
1116	717
717	1116
1116	897
897	1116
1116	1057
1057	1116
1116	1098
1098	1116
1117	188
188	1117
1117	290
290	1117
1117	494
494	1117
1117	620
620	1117
1117	662
662	1117
1117	835
835	1117
1117	1039
1039	1117
1118	22
22	1118
1118	136
136	1118
1118	197
197	1118
1118	297
297	1118
1118	314
314	1118
1118	344
344	1118
1118	597
597	1118
1118	882
882	1118
1118	980
980	1118
1119	402
402	1119
1119	682
682	1119
1119	727
727	1119
1119	945
945	1119
1119	1014
1014	1119
1119	1102
1102	1119
1120	25
25	1120
1120	121
121	1120
1120	631
631	1120
1121	10
10	1121
1121	467
467	1121
1121	760
760	1121
1121	763
763	1121
1121	1005
1005	1121
1122	74
74	1122
1122	207
207	1122
1122	249
249	1122
1122	259
259	1122
1122	346
346	1122
1122	374
374	1122
1122	591
591	1122
1122	803
803	1122
1123	176
176	1123
1123	319
319	1123
1123	351
351	1123
1123	489
489	1123
1123	690
690	1123
1123	749
749	1123
1123	1066
1066	1123
1125	281
281	1125
1125	588
588	1125
1125	758
758	1125
1125	775
775	1125
1125	847
847	1125
1125	1015
1015	1125
1126	132
132	1126
1126	406
406	1126
1126	522
522	1126
1126	788
788	1126
1126	909
909	1126
1126	1053
1053	1126
1127	41
41	1127
1127	133
133	1127
1127	134
134	1127
1127	293
293	1127
1127	348
348	1127
1127	494
494	1127
1127	593
593	1127
1127	751
751	1127
1128	35
35	1128
1128	230
230	1128
1128	335
335	1128
1128	477
477	1128
1128	565
565	1128
1129	150
150	1129
1129	209
209	1129
1129	271
271	1129
1129	737
737	1129
1129	893
893	1129
1129	995
995	1129
1130	161
161	1130
1130	229
229	1130
1130	335
335	1130
1130	426
426	1130
1130	668
668	1130
1130	716
716	1130
1131	4
4	1131
1131	276
276	1131
1131	328
328	1131
1131	337
337	1131
1131	445
445	1131
1131	474
474	1131
1131	762
762	1131
1131	1119
1119	1131
1132	353
353	1132
1132	359
359	1132
1132	618
618	1132
1132	633
633	1132
1132	664
664	1132
1132	1026
1026	1132
1133	226
226	1133
1133	385
385	1133
1133	629
629	1133
1133	637
637	1133
1133	677
677	1133
1133	788
788	1133
1133	878
878	1133
1134	317
317	1134
1134	730
730	1134
1134	930
930	1134
1135	119
119	1135
1135	190
190	1135
1135	407
407	1135
1135	796
796	1135
1135	1038
1038	1135
1135	1048
1048	1135
1136	69
69	1136
1136	371
371	1136
1136	397
397	1136
1136	400
400	1136
1136	746
746	1136
1136	974
974	1136
1136	1016
1016	1136
1138	44
44	1138
1138	228
228	1138
1138	269
269	1138
1138	523
523	1138
1138	770
770	1138
1138	1037
1037	1138
1139	513
513	1139
1139	778
778	1139
1139	955
955	1139
1140	133
133	1140
1140	309
309	1140
1140	348
348	1140
1140	520
520	1140
1140	522
522	1140
1140	734
734	1140
1140	784
784	1140
1140	828
828	1140
1140	1029
1029	1140
1141	603
603	1141
1141	619
619	1141
1141	721
721	1141
1141	798
798	1141
1141	808
808	1141
1141	854
854	1141
1141	1016
1016	1141
1142	192
192	1142
1142	284
284	1142
1142	486
486	1142
1142	554
554	1142
1142	736
736	1142
1142	763
763	1142
1142	766
766	1142
1143	331
331	1143
1143	574
574	1143
1143	891
891	1143
1143	945
945	1143
1143	1004
1004	1143
1143	1014
1014	1143
1144	105
105	1144
1144	193
193	1144
1144	303
303	1144
1144	338
338	1144
1144	419
419	1144
1144	557
557	1144
1144	585
585	1144
1144	675
675	1144
1145	78
78	1145
1145	547
547	1145
1145	622
622	1145
1145	657
657	1145
1145	931
931	1145
1145	968
968	1145
1146	82
82	1146
1146	224
224	1146
1146	807
807	1146
1146	921
921	1146
1148	88
88	1148
1148	148
148	1148
1148	328
328	1148
1148	535
535	1148
1148	730
730	1148
1148	989
989	1148
1148	1083
1083	1148
1149	116
116	1149
1149	262
262	1149
1149	268
268	1149
1149	581
581	1149
1149	885
885	1149
1150	106
106	1150
1150	239
239	1150
1150	571
571	1150
1150	686
686	1150
1150	1084
1084	1150
1151	66
66	1151
1151	155
155	1151
1151	364
364	1151
1151	534
534	1151
1151	1052
1052	1151
1152	20
20	1152
1152	255
255	1152
1152	300
300	1152
1152	437
437	1152
1152	580
580	1152
1152	617
617	1152
1152	655
655	1152
1152	726
726	1152
1152	1089
1089	1152
1153	61
61	1153
1153	143
143	1153
1153	232
232	1153
1154	155
155	1154
1154	158
158	1154
1154	282
282	1154
1154	364
364	1154
1154	496
496	1154
1154	685
685	1154
1154	1016
1016	1154
1155	521
521	1155
1155	536
536	1155
1155	782
782	1155
1157	103
103	1157
1157	220
220	1157
1157	286
286	1157
1157	639
639	1157
1157	821
821	1157
1157	855
855	1157
1157	1071
1071	1157
1157	1120
1120	1157
1158	435
435	1158
1158	719
719	1158
1158	999
999	1158
1158	1012
1012	1158
1158	1035
1035	1158
1158	1049
1049	1158
1158	1066
1066	1158
1158	1079
1079	1158
1159	309
309	1159
1159	407
407	1159
1159	522
522	1159
1159	676
676	1159
1159	734
734	1159
1159	1144
1144	1159
1160	20
20	1160
1160	303
303	1160
1160	338
338	1160
1160	585
585	1160
1160	617
617	1160
1160	1159
1159	1160
1161	114
114	1161
1161	129
129	1161
1161	400
400	1161
1161	587
587	1161
1161	813
813	1161
1162	443
443	1162
1162	462
462	1162
1162	565
565	1162
1162	1024
1024	1162
1162	1078
1078	1162
1162	1091
1091	1162
1163	76
76	1163
1163	377
377	1163
1163	512
512	1163
1163	587
587	1163
1163	611
611	1163
1163	628
628	1163
1163	740
740	1163
1164	476
476	1164
1164	496
496	1164
1164	653
653	1164
1164	778
778	1164
1164	816
816	1164
1164	899
899	1164
1164	930
930	1164
1164	978
978	1164
1165	83
83	1165
1165	294
294	1165
1165	594
594	1165
1165	906
906	1165
1166	164
164	1166
1166	366
366	1166
1166	803
803	1166
1166	1000
1000	1166
1166	1002
1002	1166
1166	1022
1022	1166
1166	1072
1072	1166
1166	1087
1087	1166
1168	75
75	1168
1168	114
114	1168
1168	336
336	1168
1168	503
503	1168
1168	1119
1119	1168
1168	1143
1143	1168
1169	103
103	1169
1169	220
220	1169
1169	821
821	1169
1169	855
855	1169
1169	1120
1120	1169
1170	413
413	1170
1170	532
532	1170
1170	604
604	1170
1170	711
711	1170
1170	820
820	1170
1170	824
824	1170
1170	860
860	1170
1170	1104
1104	1170
1171	48
48	1171
1171	153
153	1171
1171	174
174	1171
1171	219
219	1171
1171	342
342	1171
1171	350
350	1171
1171	845
845	1171
1171	973
973	1171
1172	53
53	1172
1172	190
190	1172
1172	323
323	1172
1172	407
407	1172
1172	661
661	1172
1172	1048
1048	1172
1172	1164
1164	1172
1173	78
78	1173
1173	290
290	1173
1173	494
494	1173
1173	622
622	1173
1173	1115
1115	1173
1174	180
180	1174
1174	218
218	1174
1174	247
247	1174
1174	402
402	1174
1174	557
557	1174
1174	881
881	1174
1174	1070
1070	1174
1175	186
186	1175
1175	353
353	1175
1175	359
359	1175
1175	394
394	1175
1175	429
429	1175
1175	633
633	1175
1175	664
664	1175
1175	790
790	1175
1175	927
927	1175
1176	42
42	1176
1176	157
157	1176
1176	769
769	1176
1176	1149
1149	1176
1177	0
0	1177
1177	68
68	1177
1177	402
402	1177
1177	950
950	1177
1177	954
954	1177
1177	961
961	1177
1177	972
972	1177
1178	19
19	1178
1178	52
52	1178
1178	218
218	1178
1178	402
402	1178
1178	542
542	1178
1178	557
557	1178
1178	709
709	1178
1179	165
165	1179
1180	331
331	1180
1180	415
415	1180
1180	574
574	1180
1180	595
595	1180
1180	597
597	1180
1180	847
847	1180
1180	891
891	1180
1180	1004
1004	1180
1180	1148
1148	1180
1181	9
9	1181
1181	487
487	1181
1181	646
646	1181
1181	1020
1020	1181
1182	225
225	1182
1182	354
354	1182
1182	732
732	1182
1182	748
748	1182
1182	839
839	1182
1182	1008
1008	1182
1182	1067
1067	1182
1183	249
249	1183
1183	534
534	1183
1183	690
690	1183
1183	927
927	1183
1183	1115
1115	1183
1184	917
917	1184
1184	1054
1054	1184
1184	1157
1157	1184
1185	8
8	1185
1185	315
315	1185
1185	377
377	1185
1185	515
515	1185
1185	587
587	1185
1185	827
827	1185
1186	222
222	1186
1186	395
395	1186
1186	403
403	1186
1186	635
635	1186
1186	846
846	1186
1186	877
877	1186
1186	1089
1089	1186
1187	587
587	1187
1187	679
679	1187
1187	981
981	1187
1187	1000
1000	1187
1187	1155
1155	1187
1188	117
117	1188
1188	630
630	1188
1188	1132
1132	1188
1189	346
346	1189
1189	386
386	1189
1189	406
406	1189
1189	616
616	1189
1189	889
889	1189
1189	1053
1053	1189
1190	221
221	1190
1190	397
397	1190
1190	760
760	1190
1191	23
23	1191
1191	686
686	1191
1191	1084
1084	1191
1191	1171
1171	1191
1192	69
69	1192
1192	599
599	1192
1192	688
688	1192
1192	866
866	1192
1192	947
947	1192
1192	1055
1055	1192
1192	1177
1177	1192
1192	1178
1178	1192
1193	69
69	1193
1193	371
371	1193
1193	397
397	1193
1193	461
461	1193
1193	740
740	1193
1193	746
746	1193
1193	1016
1016	1193
1194	437
437	1194
1194	476
476	1194
1194	496
496	1194
1194	632
632	1194
1194	708
708	1194
1194	778
778	1194
1195	337
337	1195
1195	772
772	1195
1195	1097
1097	1195
1195	1184
1184	1195
1196	380
380	1196
1196	390
390	1196
1196	788
788	1196
1196	922
922	1196
1197	217
217	1197
1197	473
473	1197
1197	486
486	1197
1197	570
570	1197
1197	811
811	1197
1198	81
81	1198
1198	163
163	1198
1198	299
299	1198
1198	316
316	1198
1198	556
556	1198
1198	678
678	1198
1198	837
837	1198
1198	894
894	1198
1199	788
788	1199
1199	1008
1008	1199
1199	1130
1130	1199
1200	473
473	1200
1200	495
495	1200
1200	587
587	1200
1200	876
876	1200
1200	944
944	1200
1200	1000
1000	1200
1201	366
366	1201
1201	389
389	1201
1201	447
447	1201
1201	463
463	1201
1201	562
562	1201
1201	913
913	1201
1201	1072
1072	1201
1202	20
20	1202
1202	47
47	1202
1202	141
141	1202
1202	220
220	1202
1202	299
299	1202
1202	498
498	1202
1202	518
518	1202
1202	642
642	1202
1202	668
668	1202
1203	204
204	1203
1203	390
390	1203
1203	456
456	1203
1203	579
579	1203
1203	712
712	1203
1203	923
923	1203
1203	1188
1188	1203
1204	226
226	1204
1204	234
234	1204
1204	339
339	1204
1204	341
341	1204
1204	430
430	1204
1204	573
573	1204
1204	685
685	1204
1204	991
991	1204
1205	156
156	1205
1205	210
210	1205
1205	230
230	1205
1205	340
340	1205
1205	352
352	1205
1205	440
440	1205
1205	523
523	1205
1205	650
650	1205
1206	159
159	1206
1206	254
254	1206
1206	409
409	1206
1206	752
752	1206
1206	967
967	1206
1207	32
32	1207
1207	233
233	1207
1207	539
539	1207
1207	1085
1085	1207
1207	1162
1162	1207
1208	486
486	1208
1208	615
615	1208
1208	730
730	1208
1208	823
823	1208
1208	989
989	1208
1208	1005
1005	1208
1208	1083
1083	1208
1209	102
102	1209
1209	160
160	1209
1209	370
370	1209
1209	450
450	1209
1209	673
673	1209
1209	681
681	1209
1209	692
692	1209
1209	850
850	1209
1209	925
925	1209
1210	66
66	1210
1210	1052
1052	1210
1211	146
146	1211
1211	269
269	1211
1211	334
334	1211
1211	528
528	1211
1211	931
931	1211
1212	18
18	1212
1212	253
253	1212
1212	772
772	1212
1212	963
963	1212
1212	1025
1025	1212
1212	1063
1063	1212
1212	1143
1143	1212
1212	1180
1180	1212
1213	290
290	1213
1213	408
408	1213
1213	434
434	1213
1213	472
472	1213
1213	494
494	1213
1213	1190
1190	1213
1214	396
396	1214
1214	768
768	1214
1214	820
820	1214
1214	824
824	1214
1214	1015
1015	1214
1214	1055
1055	1214
1215	33
33	1215
1215	385
385	1215
1215	629
629	1215
1215	677
677	1215
1215	728
728	1215
1215	788
788	1215
1215	1149
1149	1215
1216	85
85	1216
1216	638
638	1216
1216	729
729	1216
1216	939
939	1216
1216	992
992	1216
1216	1039
1039	1216
1217	322
322	1217
1217	530
530	1217
1217	608
608	1217
1217	965
965	1217
1217	1063
1063	1217
1218	100
100	1218
1218	102
102	1218
1218	260
260	1218
1218	589
589	1218
1218	634
634	1218
1218	850
850	1218
1219	112
112	1219
1219	722
722	1219
1219	901
901	1219
1219	987
987	1219
1219	998
998	1219
1219	1151
1151	1219
1219	1210
1210	1219
1220	19
19	1220
1220	115
115	1220
1220	218
218	1220
1220	305
305	1220
1220	361
361	1220
1220	493
493	1220
1220	531
531	1220
1220	542
542	1220
1220	557
557	1220
1220	703
703	1220
1220	709
709	1220
1221	396
396	1221
1221	463
463	1221
1221	768
768	1221
1221	820
820	1221
1221	1015
1015	1221
1221	1055
1055	1221
1222	594
594	1222
1222	906
906	1222
1222	1037
1037	1222
1222	1126
1126	1222
1223	188
188	1223
1223	290
290	1223
1223	494
494	1223
1223	1093
1093	1223
1223	1190
1190	1223
1224	497
497	1224
1224	602
602	1224
1224	686
686	1224
1224	689
689	1224
1224	849
849	1224
1224	1084
1084	1224
1225	256
256	1225
1225	355
355	1225
1225	480
480	1225
1225	501
501	1225
1225	776
776	1225
1225	870
870	1225
1226	202
202	1226
1226	270
270	1226
1226	424
424	1226
1226	840
840	1226
1226	861
861	1226
1226	966
966	1226
1227	348
348	1227
1227	414
414	1227
1227	500
500	1227
1227	723
723	1227
1227	1003
1003	1227
1227	1103
1103	1227
1227	1177
1177	1227
1228	453
453	1228
1228	499
499	1228
1228	667
667	1228
1228	956
956	1228
1228	1193
1193	1228
1229	83
83	1229
1229	294
294	1229
1229	471
471	1229
1229	537
537	1229
1230	21
21	1230
1230	254
254	1230
1230	310
310	1230
1230	544
544	1230
1230	866
866	1230
1231	81
81	1231
1231	317
317	1231
1231	400
400	1231
1231	730
730	1231
1231	974
974	1231
1232	20
20	1232
1232	590
590	1232
1232	609
609	1232
1232	617
617	1232
1232	673
673	1232
1232	814
814	1232
1232	1217
1217	1232
1233	227
227	1233
1233	308
308	1233
1233	523
523	1233
1233	946
946	1233
1233	1050
1050	1233
1234	55
55	1234
1234	362
362	1234
1234	381
381	1234
1234	554
554	1234
1234	615
615	1234
1234	919
919	1234
1234	949
949	1234
1235	128
128	1235
1235	139
139	1235
1235	181
181	1235
1235	309
309	1235
1235	483
483	1235
1235	591
591	1235
1235	1228
1228	1235
1236	154
154	1236
1236	206
206	1236
1236	395
395	1236
1236	477
477	1236
1236	654
654	1236
1236	782
782	1236
1236	900
900	1236
1236	1027
1027	1236
1237	14
14	1237
1237	210
210	1237
1237	339
339	1237
1237	394
394	1237
1237	573
573	1237
1237	685
685	1237
1237	790
790	1237
1238	101
101	1238
1238	134
134	1238
1238	167
167	1238
1238	204
204	1238
1238	210
210	1238
1238	896
896	1238
1239	386
386	1239
1239	468
468	1239
1239	498
498	1239
1239	514
514	1239
1239	616
616	1239
1239	754
754	1239
1239	765
765	1239
1239	889
889	1239
1240	10
10	1240
1240	45
45	1240
1240	188
188	1240
1240	520
520	1240
1240	599
599	1240
1240	819
819	1240
1241	465
465	1241
1241	638
638	1241
1241	650
650	1241
1241	718
718	1241
1241	729
729	1241
1241	893
893	1241
1241	1039
1039	1241
1242	34
34	1242
1242	291
291	1242
1242	595
595	1242
1242	828
828	1242
1242	1047
1047	1242
1243	193
193	1243
1243	419
419	1243
1243	557
557	1243
1243	664
664	1243
1243	675
675	1243
1243	727
727	1243
1243	950
950	1243
1244	74
74	1244
1244	243
243	1244
1244	301
301	1244
1244	322
322	1244
1244	1063
1063	1244
1244	1218
1218	1244
1245	195
195	1245
1245	205
205	1245
1245	428
428	1245
1245	441
441	1245
1245	450
450	1245
1245	581
581	1245
1245	644
644	1245
1245	747
747	1245
1245	787
787	1245
1245	1057
1057	1245
1246	38
38	1246
1246	70
70	1246
1246	86
86	1246
1246	325
325	1246
1246	590
590	1246
1246	678
678	1246
1246	989
989	1246
1246	1217
1217	1246
1247	56
56	1247
1247	101
101	1247
1247	108
108	1247
1247	179
179	1247
1247	394
394	1247
1247	562
562	1247
1247	909
909	1247
1247	1207
1207	1247
1248	12
12	1248
1248	256
256	1248
1248	286
286	1248
1248	601
601	1248
1248	639
639	1248
1248	696
696	1248
1248	724
724	1248
1248	868
868	1248
1248	1209
1209	1248
1249	423
423	1249
1249	906
906	1249
1249	994
994	1249
1249	1186
1186	1249
1250	348
348	1250
1250	599
599	1250
1250	947
947	1250
1250	1055
1055	1250
1250	1177
1177	1250
1250	1178
1178	1250
1251	716
716	1251
1251	754
754	1251
1251	1247
1247	1251
1252	93
93	1252
1252	190
190	1252
1252	319
319	1252
1252	368
368	1252
1252	408
408	1252
1252	530
530	1252
1252	888
888	1252
1252	1027
1027	1252
1252	1232
1232	1252
1253	265
265	1253
1253	568
568	1253
1253	666
666	1253
1253	686
686	1253
1253	918
918	1253
1253	1181
1181	1253
1254	304
304	1254
1254	309
309	1254
1254	483
483	1254
1254	538
538	1254
1254	591
591	1254
1254	599
599	1254
1254	1031
1031	1254
1256	98
98	1256
1256	130
130	1256
1256	280
280	1256
1256	301
301	1256
1256	548
548	1256
1256	563
563	1256
1256	732
732	1256
1256	1080
1080	1256
1257	33
33	1257
1257	89
89	1257
1257	132
132	1257
1257	165
165	1257
1257	412
412	1257
1257	522
522	1257
1258	81
81	1258
1258	188
188	1258
1258	321
321	1258
1258	343
343	1258
1258	678
678	1258
1258	693
693	1258
1258	928
928	1258
1258	1138
1138	1258
1259	196
196	1259
1259	553
553	1259
1259	1082
1082	1259
1260	107
107	1260
1260	188
188	1260
1260	290
290	1260
1260	494
494	1260
1260	665
665	1260
1260	853
853	1260
1260	1190
1190	1260
1261	43
43	1261
1261	164
164	1261
1261	561
561	1261
1261	659
659	1261
1261	971
971	1261
1261	1000
1000	1261
1261	1022
1022	1261
1262	155
155	1262
1262	188
188	1262
1262	290
290	1262
1262	494
494	1262
1262	695
695	1262
1262	729
729	1262
1262	1241
1241	1262
1263	281
281	1263
1263	587
587	1263
1263	1178
1178	1263
1263	1220
1220	1263
1265	568
568	1265
1265	602
602	1265
1265	666
666	1265
1265	686
686	1265
1265	689
689	1265
1265	849
849	1265
1265	918
918	1265
1265	1181
1181	1265
1266	24
24	1266
1266	707
707	1266
1266	940
940	1266
1266	964
964	1266
1266	1023
1023	1266
1266	1203
1203	1266
1266	1238
1238	1266
1267	252
252	1267
1267	335
335	1267
1267	381
381	1267
1267	759
759	1267
1267	1016
1016	1267
1267	1123
1123	1267
1268	132
132	1268
1268	222
222	1268
1268	395
395	1268
1268	522
522	1268
1268	742
742	1268
1268	788
788	1268
1268	846
846	1268
1268	1089
1089	1268
1268	1141
1141	1268
1269	614
614	1269
1269	890
890	1269
1269	917
917	1269
1269	1078
1078	1269
1269	1157
1157	1269
1270	188
188	1270
1270	278
278	1270
1270	448
448	1270
1270	624
624	1270
1270	710
710	1270
1270	744
744	1270
1270	903
903	1270
1271	302
302	1271
1271	435
435	1271
1271	539
539	1271
1271	786
786	1271
1272	250
250	1272
1272	265
265	1272
1272	535
535	1272
1272	686
686	1272
1272	744
744	1272
1272	750
750	1272
1272	875
875	1272
1272	991
991	1272
1273	50
50	1273
1273	247
247	1273
1273	290
290	1273
1273	469
469	1273
1273	494
494	1273
1273	826
826	1273
1273	1161
1161	1273
1273	1241
1241	1273
1274	83
83	1274
1274	563
563	1274
1274	582
582	1274
1274	677
677	1274
1274	831
831	1274
1275	166
166	1275
1275	490
490	1275
1275	588
588	1275
1275	847
847	1275
1275	936
936	1275
1275	1150
1150	1275
1275	1191
1191	1275
1276	188
188	1276
1276	815
815	1276
1276	903
903	1276
1276	1233
1233	1276
1278	113
113	1278
1278	121
121	1278
1278	453
453	1278
1278	499
499	1278
1278	552
552	1278
1278	621
621	1278
1278	773
773	1278
1278	984
984	1278
1278	1206
1206	1278
1279	38
38	1279
1279	467
467	1279
1279	505
505	1279
1279	609
609	1279
1279	746
746	1279
1279	747
747	1279
1279	815
815	1279
1279	1093
1093	1279
1280	6
6	1280
1280	1068
1068	1280
1281	361
361	1281
1281	367
367	1281
1281	493
493	1281
1281	703
703	1281
1281	869
869	1281
1281	985
985	1281
1281	1057
1057	1281
1281	1254
1254	1281
1283	584
584	1283
1283	889
889	1283
1284	188
188	1284
1284	278
278	1284
1284	448
448	1284
1284	603
603	1284
1284	620
620	1284
1284	710
710	1284
1284	744
744	1284
1284	903
903	1284
1284	1039
1039	1284
1285	471
471	1285
1285	537
537	1285
1285	1037
1037	1285
1285	1126
1126	1285
1286	137
137	1286
1286	671
671	1286
1286	922
922	1286
1286	1114
1114	1286
1286	1257
1257	1286
1287	70
70	1287
1287	168
168	1287
1287	284
284	1287
1287	300
300	1287
1287	437
437	1287
1287	556
556	1287
1287	580
580	1287
1287	678
678	1287
1288	521
521	1288
1288	1187
1187	1288
1289	70
70	1289
1289	78
78	1289
1289	246
246	1289
1289	376
376	1289
1289	904
904	1289
1289	1135
1135	1289
1290	61
61	1290
1290	143
143	1290
1290	229
229	1290
1290	335
335	1290
1290	592
592	1290
1290	642
642	1290
1290	1196
1196	1290
1291	161
161	1291
1291	335
335	1291
1291	526
526	1291
1291	928
928	1291
1291	1016
1016	1291
1292	830
830	1292
1292	946
946	1292
1292	959
959	1292
1292	1183
1183	1292
1293	162
162	1293
1293	496
496	1293
1293	685
685	1293
1293	1016
1016	1293
1293	1233
1233	1293
1294	339
339	1294
1294	355
355	1294
1294	476
476	1294
1294	1057
1057	1294
1295	105
105	1295
1295	347
347	1295
1295	379
379	1295
1295	493
493	1295
1295	560
560	1295
1295	1025
1025	1295
1295	1181
1181	1295
1296	5
5	1296
1296	297
297	1296
1296	314
314	1296
1296	326
326	1296
1296	707
707	1296
1296	926
926	1296
1297	20
20	1297
1297	168
168	1297
1297	300
300	1297
1297	437
437	1297
1297	580
580	1297
1297	617
617	1297
1298	435
435	1298
1298	539
539	1298
1298	786
786	1298
1298	859
859	1298
1298	933
933	1298
1298	1289
1289	1298
1299	132
132	1299
1299	191
191	1299
1299	208
208	1299
1299	346
346	1299
1299	574
574	1299
1299	591
591	1299
1299	1047
1047	1299
1299	1206
1206	1299
1300	166
166	1300
1300	588
588	1300
1300	719
719	1300
1300	758
758	1300
1300	847
847	1300
1300	1012
1012	1300
1300	1066
1066	1300
1300	1079
1079	1300
1300	1287
1287	1300
1300	1297
1297	1300
1301	292
292	1301
1301	501
501	1301
1301	796
796	1301
1301	872
872	1301
1301	883
883	1301
1301	1071
1071	1301
1301	1162
1162	1301
1301	1269
1269	1301
1302	44
44	1302
1302	107
107	1302
1302	321
321	1302
1302	366
366	1302
1302	636
636	1302
1302	1273
1273	1302
1303	505
505	1303
1303	664
664	1303
1303	727
727	1303
1303	791
791	1303
1303	808
808	1303
1303	950
950	1303
1304	81
81	1304
1304	272
272	1304
1304	388
388	1304
1304	674
674	1304
1304	678
678	1304
1304	826
826	1304
1304	908
908	1304
1304	1129
1129	1304
1304	1263
1263	1304
1305	75
75	1305
1305	336
336	1305
1305	503
503	1305
1305	614
614	1305
1305	1119
1119	1305
1305	1143
1143	1305
1305	1157
1157	1305
1306	24
24	1306
1306	268
268	1306
1306	320
320	1306
1306	537
537	1306
1306	982
982	1306
1306	1292
1292	1306
1307	37
37	1307
1307	142
142	1307
1307	302
302	1307
1307	403
403	1307
1307	883
883	1307
1307	1028
1028	1307
1309	72
72	1309
1309	707
707	1309
1309	744
744	1309
1309	875
875	1309
1309	1023
1023	1309
1309	1203
1203	1309
1309	1238
1238	1309
1310	71
71	1310
1310	162
162	1310
1310	189
189	1310
1310	195
195	1310
1310	282
282	1310
1310	450
450	1310
1310	564
564	1310
1310	747
747	1310
1310	1057
1057	1310
1310	1069
1069	1310
1311	136
136	1311
1311	197
197	1311
1311	344
344	1311
1311	597
597	1311
1311	882
882	1311
1311	913
913	1311
1311	980
980	1311
1311	1165
1165	1311
1311	1222
1222	1311
1312	335
335	1312
1312	997
997	1312
1312	1016
1016	1312
1312	1061
1061	1312
1312	1233
1233	1312
1313	238
238	1313
1313	274
274	1313
1313	349
349	1313
1313	998
998	1313
1313	1274
1274	1313
1314	56
56	1314
1314	101
101	1314
1314	341
341	1314
1314	394
394	1314
1314	502
502	1314
1314	710
710	1314
1314	1207
1207	1314
1315	252
252	1315
1315	335
335	1315
1315	759
759	1315
1315	1013
1013	1315
1315	1033
1033	1315
1315	1159
1159	1315
1316	182
182	1316
1316	234
234	1316
1316	330
330	1316
1316	353
353	1316
1316	502
502	1316
1316	829
829	1316
1316	878
878	1316
1316	991
991	1316
1316	1296
1296	1316
1317	53
53	1317
1317	60
60	1317
1317	235
235	1317
1317	547
547	1317
1317	845
845	1317
1317	1095
1095	1317
1318	385
385	1318
1318	447
447	1318
1318	629
629	1318
1318	677
677	1318
1318	788
788	1318
1318	1149
1149	1318
1318	1229
1229	1318
1318	1285
1285	1318
1319	153
153	1319
1319	364
364	1319
1319	398
398	1319
1319	465
465	1319
1319	988
988	1319
1320	435
435	1320
1320	481
481	1320
1320	843
843	1320
1320	859
859	1320
1320	933
933	1320
1320	1128
1128	1320
1321	335
335	1321
1321	462
462	1321
1321	565
565	1321
1321	1207
1207	1321
1322	67
67	1322
1322	331
331	1322
1322	415
415	1322
1322	549
549	1322
1322	612
612	1322
1322	670
670	1322
1322	1076
1076	1322
1322	1317
1317	1322
1323	148
148	1323
1323	188
188	1323
1323	239
239	1323
1323	329
329	1323
1323	336
336	1323
1323	519
519	1323
1323	819
819	1323
1323	849
849	1323
1324	11
11	1324
1324	373
373	1324
1324	523
523	1324
1324	527
527	1324
1324	737
737	1324
1324	951
951	1324
1324	1032
1032	1324
1324	1190
1190	1324
1324	1223
1223	1324
1325	81
81	1325
1325	93
93	1325
1325	343
343	1325
1325	678
678	1325
1325	693
693	1325
1325	846
846	1325
1325	1166
1166	1325
1325	1201
1201	1325
1326	123
123	1326
1326	188
188	1326
1326	329
329	1326
1326	461
461	1326
1326	819
819	1326
1326	949
949	1326
1327	7
7	1327
1327	327
327	1327
1327	799
799	1327
1327	911
911	1327
1327	1018
1018	1327
1327	1283
1283	1327
1328	116
116	1328
1328	262
262	1328
1328	581
581	1328
1328	885
885	1328
1328	896
896	1328
1328	916
916	1328
1328	1214
1214	1328
1329	330
330	1329
1329	353
353	1329
1329	454
454	1329
1329	829
829	1329
1329	1046
1046	1329
1329	1171
1171	1329
1330	5
5	1330
1330	159
159	1330
1330	409
409	1330
1330	541
541	1330
1330	752
752	1330
1330	845
845	1330
1330	967
967	1330
1330	1040
1040	1330
1331	160
160	1331
1331	244
244	1331
1331	497
497	1331
1331	524
524	1331
1331	627
627	1331
1331	914
914	1331
1331	1125
1125	1331
1332	125
125	1332
1332	218
218	1332
1332	365
365	1332
1332	457
457	1332
1333	22
22	1333
1333	87
87	1333
1333	248
248	1333
1333	314
314	1333
1333	1276
1276	1333
1334	105
105	1334
1334	347
347	1334
1334	379
379	1334
1334	493
493	1334
1334	837
837	1334
1334	868
868	1334
1334	1089
1089	1334
1334	1181
1181	1334
1334	1261
1261	1334
1335	513
513	1335
1335	658
658	1335
1335	687
687	1335
1335	792
792	1335
1335	934
934	1335
1335	1230
1230	1335
1336	109
109	1336
1336	309
309	1336
1336	432
432	1336
1336	506
506	1336
1336	511
511	1336
1336	522
522	1336
1336	734
734	1336
1337	102
102	1337
1337	164
164	1337
1337	584
584	1337
1337	673
673	1337
1337	691
691	1337
1337	718
718	1337
1337	1022
1022	1337
1337	1198
1198	1337
1338	29
29	1338
1338	324
324	1338
1338	454
454	1338
1338	684
684	1338
1338	1200
1200	1338
1339	530
530	1339
1339	608
608	1339
1339	646
646	1339
1339	854
854	1339
1339	1030
1030	1339
1339	1232
1232	1339
1340	64
64	1340
1340	133
133	1340
1340	333
333	1340
1340	348
348	1340
1340	494
494	1340
1340	605
605	1340
1340	768
768	1340
1341	35
35	1341
1341	246
246	1341
1341	401
401	1341
1341	459
459	1341
1341	596
596	1341
1341	623
623	1341
1341	825
825	1341
1341	925
925	1341
1341	1248
1248	1341
1342	193
193	1342
1342	419
419	1342
1342	557
557	1342
1342	664
664	1342
1342	675
675	1342
1342	727
727	1342
1342	950
950	1342
1343	85
85	1343
1343	629
629	1343
1343	912
912	1343
1343	992
992	1343
1343	1183
1183	1343
1344	20
20	1344
1344	590
590	1344
1344	609
609	1344
1344	617
617	1344
1344	673
673	1344
1344	814
814	1344
1344	1217
1217	1344
1344	1339
1339	1344
1345	12
12	1345
1345	501
501	1345
1345	858
858	1345
1345	935
935	1345
1345	1011
1011	1345
1345	1326
1326	1345
1346	24
24	1346
1346	229
229	1346
1346	268
268	1346
1346	335
335	1346
1346	537
537	1346
1346	997
997	1346
1346	1061
1061	1346
1347	101
101	1347
1347	134
134	1347
1347	167
167	1347
1347	186
186	1347
1347	204
204	1347
1347	390
390	1347
1347	429
429	1347
1347	579
579	1347
1347	712
712	1347
1347	927
927	1347
1348	467
467	1348
1348	505
505	1348
1348	746
746	1348
1348	815
815	1348
1348	837
837	1348
1348	1093
1093	1348
1348	1261
1261	1348
1349	96
96	1349
1349	256
256	1349
1349	501
501	1349
1349	954
954	1349
1349	1168
1168	1349
1349	1192
1192	1349
1350	72
72	1350
1350	144
144	1350
1350	327
327	1350
1350	500
500	1350
1350	594
594	1350
1350	637
637	1350
1350	981
981	1350
1351	133
133	1351
1351	309
309	1351
1351	348
348	1351
1351	522
522	1351
1351	734
734	1351
1351	1116
1116	1351
1352	229
229	1352
1352	479
479	1352
1352	496
496	1352
1352	685
685	1352
1352	717
717	1352
1352	792
792	1352
1352	964
964	1352
1352	1133
1133	1352
1352	1215
1215	1352
1352	1318
1318	1352
1353	48
48	1353
1353	544
544	1353
1353	938
938	1353
1354	130
130	1354
1354	237
237	1354
1354	280
280	1354
1354	491
491	1354
1354	548
548	1354
1354	563
563	1354
1354	732
732	1354
1355	486
486	1355
1355	554
554	1355
1355	743
743	1355
1355	763
763	1355
1355	766
766	1355
1355	1322
1322	1355
1356	133
133	1356
1356	253
253	1356
1356	422
422	1356
1356	947
947	1356
1356	1025
1025	1356
1356	1063
1063	1356
1356	1087
1087	1356
1357	13
13	1357
1357	608
608	1357
1357	888
888	1357
1357	1066
1066	1357
1357	1141
1141	1357
1357	1303
1303	1357
1358	40
40	1358
1358	468
468	1358
1358	514
514	1358
1358	952
952	1358
1358	1025
1025	1358
1359	153
153	1359
1359	470
470	1359
1359	487
487	1359
1359	693
693	1359
1359	1080
1080	1359
1359	1218
1218	1359
1359	1226
1226	1359
1360	280
280	1360
1360	285
285	1360
1360	294
294	1360
1360	523
523	1360
1360	572
572	1360
1360	966
966	1360
1360	1051
1051	1360
1360	1270
1270	1360
1361	60
60	1361
1361	78
78	1361
1361	146
146	1361
1361	358
358	1361
1361	657
657	1361
1361	780
780	1361
1361	899
899	1361
1361	1129
1129	1361
1362	587
587	1362
1362	679
679	1362
1362	981
981	1362
1362	995
995	1362
1362	1000
1000	1362
1362	1155
1155	1362
1362	1288
1288	1362
1363	254
254	1363
1363	495
495	1363
1363	511
511	1363
1363	723
723	1363
1363	813
813	1363
1363	866
866	1363
1363	1335
1335	1363
1364	107
107	1364
1364	233
233	1364
1364	321
321	1364
1364	481
481	1364
1364	636
636	1364
1364	1162
1162	1364
1364	1321
1321	1364
1365	132
132	1365
1365	140
140	1365
1365	522
522	1365
1365	806
806	1365
1365	1222
1222	1365
1365	1285
1285	1365
1366	382
382	1366
1366	831
831	1366
1366	928
928	1366
1366	1259
1259	1366
1367	69
69	1367
1367	470
470	1367
1367	533
533	1367
1367	688
688	1367
1367	844
844	1367
1367	866
866	1367
1367	938
938	1367
1367	1086
1086	1367
1368	157
157	1368
1368	248
248	1368
1368	913
913	1368
1368	1022
1022	1368
1368	1165
1165	1368
1368	1222
1222	1368
1368	1270
1270	1368
1368	1284
1284	1368
1369	308
308	1369
1369	377
377	1369
1369	1056
1056	1369
1369	1145
1145	1369
1369	1173
1173	1369
1369	1258
1258	1369
1369	1325
1325	1369
1370	101
101	1370
1370	108
108	1370
1370	312
312	1370
1370	394
394	1370
1370	447
447	1370
1370	986
986	1370
1370	1059
1059	1370
1370	1207
1207	1370
1370	1229
1229	1370
1370	1285
1285	1370
1371	78
78	1371
1371	290
290	1371
1371	494
494	1371
1371	622
622	1371
1371	1190
1190	1371
1371	1369
1369	1371
1372	53
53	1372
1372	190
190	1372
1372	323
323	1372
1372	407
407	1372
1372	661
661	1372
1372	719
719	1372
1372	1048
1048	1372
1372	1164
1164	1372
1372	1287
1287	1372
1373	137
137	1373
1373	140
140	1373
1373	332
332	1373
1373	509
509	1373
1373	523
523	1373
1373	1258
1258	1373
1374	1078
1078	1374
1374	1301
1301	1374
1375	889
889	1375
1375	975
975	1375
1375	1327
1327	1375
1376	184
184	1376
1376	405
405	1376
1376	448
448	1376
1376	637
637	1376
1376	710
710	1376
1376	781
781	1376
1376	856
856	1376
1376	878
878	1376
1376	1358
1358	1376
1377	223
223	1377
1377	369
369	1377
1377	452
452	1377
1377	659
659	1377
1377	1094
1094	1377
1377	1152
1152	1377
1377	1334
1334	1377
1377	1344
1344	1377
1377	1348
1348	1377
1378	361
361	1378
1378	493
493	1378
1378	703
703	1378
1378	833
833	1378
1378	897
897	1378
1378	1034
1034	1378
1378	1057
1057	1378
1378	1099
1099	1378
1378	1351
1351	1378
1379	228
228	1379
1379	403
403	1379
1379	635
635	1379
1379	702
702	1379
1379	877
877	1379
1380	54
54	1380
1380	202
202	1380
1380	861
861	1380
1380	1036
1036	1380
1380	1359
1359	1380
1381	329
329	1381
1381	505
505	1381
1381	590
590	1381
1381	609
609	1381
1381	673
673	1381
1381	774
774	1381
1381	791
791	1381
1381	814
814	1381
1381	1123
1123	1381
1381	1217
1217	1381
1381	1339
1339	1381
1381	1357
1357	1381
1382	115
115	1382
1382	158
158	1382
1382	305
305	1382
1382	361
361	1382
1382	493
493	1382
1382	531
531	1382
1382	703
703	1382
1382	1057
1057	1382
1383	114
114	1383
1383	129
129	1383
1383	199
199	1383
1383	400
400	1383
1383	530
530	1383
1383	813
813	1383
1383	1079
1079	1383
1383	1144
1144	1383
1383	1243
1243	1383
1383	1342
1342	1383
1384	16
16	1384
1384	298
298	1384
1384	434
434	1384
1384	478
478	1384
1384	654
654	1384
1384	767
767	1384
1384	877
877	1384
1384	1007
1007	1384
1384	1166
1166	1384
1385	33
33	1385
1385	101
101	1385
1385	108
108	1385
1385	312
312	1385
1385	394
394	1385
1385	728
728	1385
1385	942
942	1385
1385	986
986	1385
1385	1207
1207	1385
1386	101
101	1386
1386	226
226	1386
1386	312
312	1386
1386	394
394	1386
1386	448
448	1386
1386	637
637	1386
1386	710
710	1386
1386	878
878	1386
1386	986
986	1386
1386	1207
1207	1386
1387	237
237	1387
1387	311
311	1387
1387	491
491	1387
1387	1105
1105	1387
1387	1189
1189	1387
1387	1239
1239	1387
1388	174
174	1388
1388	485
485	1388
1388	599
599	1388
1388	947
947	1388
1388	1055
1055	1388
1388	1132
1132	1388
1388	1175
1175	1388
1388	1177
1177	1388
1389	1085
1085	1389
1389	1213
1213	1389
1389	1223
1223	1389
1389	1260
1260	1389
1389	1273
1273	1389
1389	1370
1370	1389
1389	1371
1371	1389
1389	1385
1385	1389
1389	1386
1386	1389
1390	184
184	1390
1390	287
287	1390
1390	1053
1053	1390
1390	1379
1379	1390
1392	88
88	1392
1392	90
90	1392
1392	148
148	1392
1392	328
328	1392
1392	340
340	1392
1392	535
535	1392
1392	605
605	1392
1392	1061
1061	1392
1392	1180
1180	1392
1393	50
50	1393
1393	81
81	1393
1393	247
247	1393
1393	316
316	1393
1393	469
469	1393
1393	556
556	1393
1393	678
678	1393
1393	826
826	1393
1393	894
894	1393
1393	1161
1161	1393
1394	34
34	1394
1394	66
66	1394
1394	232
232	1394
1394	320
320	1394
1394	749
749	1394
1394	871
871	1394
1394	1053
1053	1394
1395	20
20	1395
1395	99
99	1395
1395	105
105	1395
1395	141
141	1395
1395	338
338	1395
1395	356
356	1395
1395	617
617	1395
1395	1065
1065	1395
1395	1159
1159	1395
1396	297
297	1396
1396	345
345	1396
1396	387
387	1396
1396	466
466	1396
1396	711
711	1396
1396	848
848	1396
1396	942
942	1396
1396	1007
1007	1396
1396	1122
1122	1396
1397	252
252	1397
1397	759
759	1397
1397	946
946	1397
1397	1306
1306	1397
1398	98
98	1398
1398	243
243	1398
1398	378
378	1398
1398	955
955	1398
1398	958
958	1398
1398	1086
1086	1398
1398	1191
1191	1398
1398	1323
1323	1398
1399	418
418	1399
1399	452
452	1399
1399	1160
1160	1399
1399	1232
1232	1399
1399	1297
1297	1399
1399	1344
1344	1399
1400	354
354	1400
1400	735
735	1400
1400	1082
1082	1400
1400	1299
1299	1400
1401	103
103	1401
1401	530
530	1401
1401	699
699	1401
1401	990
990	1401
1401	1209
1209	1401
1401	1232
1232	1401
1401	1246
1246	1401
1401	1337
1337	1401
1402	98
98	1402
1402	243
243	1402
1402	402
402	1402
1402	682
682	1402
1402	727
727	1402
1402	1020
1020	1402
1402	1086
1086	1402
1402	1102
1102	1402
1402	1131
1131	1402
1402	1224
1224	1402
1402	1265
1265	1402
1403	10
10	1403
1403	67
67	1403
1403	467
467	1403
1403	525
525	1403
1403	760
760	1403
1403	980
980	1403
1403	1077
1077	1403
1403	1331
1331	1403
1404	483
483	1404
1404	523
523	1404
1404	966
966	1404
1404	993
993	1404
1404	1270
1270	1404
1405	233
233	1405
1405	305
305	1405
1405	585
585	1405
1405	652
652	1405
1405	666
666	1405
1405	786
786	1405
1405	852
852	1405
1405	1162
1162	1405
1405	1321
1321	1405
1406	80
80	1406
1406	174
174	1406
1406	219
219	1406
1406	342
342	1406
1406	392
392	1406
1406	845
845	1406
1407	69
69	1407
1407	371
371	1407
1407	461
461	1407
1407	740
740	1407
1407	746
746	1407
1407	1016
1016	1407
1407	1228
1228	1407
1407	1278
1278	1407
1408	295
295	1408
1408	485
485	1408
1408	735
735	1408
1408	1106
1106	1408
1408	1130
1130	1408
1408	1291
1291	1408
1409	396
396	1409
1409	768
768	1409
1409	1015
1015	1409
1409	1055
1055	1409
1410	353
353	1410
1410	359
359	1410
1410	633
633	1410
1410	653
653	1410
1410	664
664	1410
1410	816
816	1410
1410	899
899	1410
1410	930
930	1410
1410	978
978	1410
1410	1388
1388	1410
1411	90
90	1411
1411	142
142	1411
1411	203
203	1411
1411	335
335	1411
1411	409
409	1411
1411	436
436	1411
1411	610
610	1411
1411	767
767	1411
1412	14
14	1412
1412	182
182	1412
1412	234
234	1412
1412	339
339	1412
1412	502
502	1412
1412	573
573	1412
1412	685
685	1412
1412	878
878	1412
1412	991
991	1412
1412	1296
1296	1412
1413	278
278	1413
1413	405
405	1413
1413	471
471	1413
1413	594
594	1413
1413	906
906	1413
1413	987
987	1413
1413	1118
1118	1413
1413	1257
1257	1413
1413	1333
1333	1413
1414	157
157	1414
1414	555
555	1414
1414	558
558	1414
1414	720
720	1414
1414	769
769	1414
1414	811
811	1414
1414	884
884	1414
1414	1149
1149	1414
1414	1375
1375	1414
1415	67
67	1415
1415	410
410	1415
1415	415
415	1415
1415	549
549	1415
1415	612
612	1415
1415	670
670	1415
1415	983
983	1415
1415	1211
1211	1415
1415	1355
1355	1415
1416	87
87	1416
1416	248
248	1416
1416	712
712	1416
1416	1022
1022	1416
1416	1272
1272	1416
1416	1276
1276	1416
1416	1309
1309	1416
1417	113
113	1417
1417	501
501	1417
1417	552
552	1417
1417	773
773	1417
1417	984
984	1417
1417	1168
1168	1417
1417	1206
1206	1417
1418	114
114	1418
1418	129
129	1418
1418	244
244	1418
1418	260
260	1418
1418	400
400	1418
1418	425
425	1418
1418	813
813	1418
1419	250
250	1419
1419	265
265	1419
1419	535
535	1419
1419	686
686	1419
1419	750
750	1419
1420	382
382	1420
1420	426
426	1420
1420	668
668	1420
1420	716
716	1420
1420	831
831	1420
1420	1259
1259	1420
1421	121
121	1421
1421	231
231	1421
1421	453
453	1421
1421	457
457	1421
1421	621
621	1421
1421	701
701	1421
1421	1161
1161	1421
1421	1383
1383	1421
1421	1418
1418	1421
1422	113
113	1422
1422	121
121	1422
1422	453
453	1422
1422	499
499	1422
1422	552
552	1422
1422	621
621	1422
1422	773
773	1422
1422	984
984	1422
1422	1206
1206	1422
1423	225
225	1423
1423	320
320	1423
1423	354
354	1423
1423	748
748	1423
1423	982
982	1423
1423	1008
1008	1423
1423	1292
1292	1423
1423	1397
1397	1423
1424	671
671	1424
1424	806
806	1424
1424	1090
1090	1424
1424	1153
1153	1424
1424	1404
1404	1424
1425	42
42	1425
1425	424
424	1425
1425	587
587	1425
1425	751
751	1425
1425	1174
1174	1425
1425	1273
1273	1425
1426	196
196	1426
1426	423
423	1426
1426	488
488	1426
1426	1295
1295	1426
1427	188
188	1427
1427	304
304	1427
1427	329
329	1427
1427	538
538	1427
1427	599
599	1427
1427	794
794	1427
1427	1031
1031	1427
1427	1281
1281	1427
1428	446
446	1428
1428	1001
1001	1428
1428	1077
1077	1428
1428	1145
1145	1428
1428	1148
1148	1428
1428	1173
1173	1428
1428	1208
1208	1428
1428	1371
1371	1428
1429	32
32	1429
1429	221
221	1429
1429	233
233	1429
1429	397
397	1429
1429	539
539	1429
1429	760
760	1429
1429	1162
1162	1429
1429	1321
1321	1429
1429	1324
1324	1429
1430	416
416	1430
1430	420
420	1430
1430	442
442	1430
1430	569
569	1430
1430	596
596	1430
1430	627
627	1430
1430	714
714	1430
1430	1041
1041	1430
1431	78
78	1431
1431	192
192	1431
1431	255
255	1431
1431	545
545	1431
1431	580
580	1431
1431	698
698	1431
1431	894
894	1431
1431	978
978	1431
1431	1200
1200	1431
1432	19
19	1432
1432	218
218	1432
1432	361
361	1432
1432	493
493	1432
1432	542
542	1432
1432	557
557	1432
1432	703
703	1432
1432	709
709	1432
1432	1263
1263	1432
1432	1340
1340	1432
1433	47
47	1433
1433	203
203	1433
1433	290
290	1433
1433	352
352	1433
1433	455
455	1433
1433	494
494	1433
1433	699
699	1433
1433	1261
1261	1433
1434	16
16	1434
1434	146
146	1434
1434	434
434	1434
1434	478
478	1434
1434	654
654	1434
1434	931
931	1434
1434	1166
1166	1434
1434	1415
1415	1434
1435	28
28	1435
1435	70
70	1435
1435	86
86	1435
1435	303
303	1435
1435	379
379	1435
1435	585
585	1435
1435	669
669	1435
1435	678
678	1435
1435	989
989	1435
1435	1372
1372	1435
1436	67
67	1436
1436	399
399	1436
1436	420
420	1436
1436	526
526	1436
1436	794
794	1436
1436	1331
1331	1436
1437	270
270	1437
1437	424
424	1437
1437	840
840	1437
1437	966
966	1437
1437	1145
1145	1437
1437	1173
1173	1437
1437	1371
1371	1437
1438	49
49	1438
1438	195
195	1438
1438	236
236	1438
1438	380
380	1438
1438	428
428	1438
1438	450
450	1438
1438	581
581	1438
1438	747
747	1438
1438	787
787	1438
1438	1214
1214	1438
1438	1221
1221	1438
1438	1409
1409	1438
1439	162
162	1439
1439	282
282	1439
1439	361
361	1439
1439	367
367	1439
1439	493
493	1439
1439	564
564	1439
1439	703
703	1439
1439	869
869	1439
1439	1057
1057	1439
1440	252
252	1440
1440	373
373	1440
1440	394
394	1440
1440	598
598	1440
1440	790
790	1440
1440	1021
1021	1440
1440	1317
1317	1440
1440	1408
1408	1440
1441	116
116	1441
1441	245
245	1441
1441	260
260	1441
1441	586
586	1441
1441	616
616	1441
1441	850
850	1441
1441	1041
1041	1441
1441	1073
1073	1441
1441	1256
1256	1441
1441	1319
1319	1441
1442	456
456	1442
1442	476
476	1442
1442	496
496	1442
1442	778
778	1442
1442	923
923	1442
1442	1188
1188	1442
1443	75
75	1443
1443	336
336	1443
1443	503
503	1443
1443	614
614	1443
1443	1119
1119	1443
1443	1143
1143	1443
1443	1157
1157	1443
1444	309
309	1444
1444	432
432	1444
1444	506
506	1444
1444	511
511	1444
1444	522
522	1444
1444	734
734	1444
1444	864
864	1444
1445	383
383	1445
1445	521
521	1445
1445	941
941	1445
1445	1062
1062	1445
1445	1187
1187	1445
1445	1362
1362	1445
1446	160
160	1446
1446	266
266	1446
1446	314
314	1446
1446	370
370	1446
1446	589
589	1446
1446	692
692	1446
1446	824
824	1446
1446	895
895	1446
1446	1202
1202	1446
1446	1248
1248	1446
1447	543
543	1447
1447	693
693	1447
1447	763
763	1447
1447	1005
1005	1447
1447	1226
1226	1447
1447	1380
1380	1447
1448	54
54	1448
1448	363
363	1448
1448	444
444	1448
1448	645
645	1448
1448	752
752	1448
1448	848
848	1448
1448	967
967	1448
1448	1139
1139	1448
1448	1237
1237	1448
1448	1412
1412	1448
1449	161
161	1449
1449	335
335	1449
1449	1017
1017	1449
1449	1159
1159	1449
1449	1351
1351	1449
1449	1408
1408	1449
1449	1444
1444	1449
1450	94
94	1450
1450	208
208	1450
1450	306
306	1450
1450	873
873	1450
1450	943
943	1450
1450	1356
1356	1450
1450	1406
1406	1450
1451	125
125	1451
1451	218
218	1451
1451	365
365	1451
1451	457
457	1451
1452	154
154	1452
1452	501
501	1452
1452	872
872	1452
1452	996
996	1452
1452	1071
1071	1452
1452	1230
1230	1452
1452	1269
1269	1452
1452	1374
1374	1452
1453	351
351	1453
1453	440
440	1453
1453	489
489	1453
1453	523
523	1453
1453	650
650	1453
1453	690
690	1453
1453	749
749	1453
1453	1267
1267	1453
1454	289
289	1454
1454	418
418	1454
1454	452
452	1454
1454	464
464	1454
1454	771
771	1454
1454	1109
1109	1454
1454	1160
1160	1454
1454	1232
1232	1454
1454	1297
1297	1454
1454	1344
1344	1454
1455	76
76	1455
1455	499
499	1455
1455	512
512	1455
1455	611
611	1455
1455	628
628	1455
1455	740
740	1455
1455	1332
1332	1455
1455	1451
1451	1455
1456	35
35	1456
1456	246
246	1456
1456	543
543	1456
1456	1054
1054	1456
1456	1195
1195	1456
1457	0
0	1457
1457	68
68	1457
1457	147
147	1457
1457	195
195	1457
1457	450
450	1457
1457	747
747	1457
1457	885
885	1457
1457	950
950	1457
1457	961
961	1457
1457	1250
1250	1457
1458	38
38	1458
1458	105
105	1458
1458	379
379	1458
1458	493
493	1458
1458	609
609	1458
1458	747
747	1458
1458	889
889	1458
1458	921
921	1458
1458	1181
1181	1458
1459	158
158	1459
1459	195
195	1459
1459	428
428	1459
1459	450
450	1459
1459	581
581	1459
1459	747
747	1459
1459	787
787	1459
1459	1057
1057	1459
1460	327
327	1460
1460	555
555	1460
1460	769
769	1460
1460	799
799	1460
1460	884
884	1460
1460	911
911	1460
1460	1149
1149	1460
1460	1328
1328	1460
1460	1375
1375	1460
1461	83
83	1461
1461	155
155	1461
1461	364
364	1461
1461	427
427	1461
1461	563
563	1461
1461	582
582	1461
1461	1016
1016	1461
1461	1357
1357	1461
1462	33
33	1462
1462	108
108	1462
1462	339
339	1462
1462	355
355	1462
1462	476
476	1462
1462	728
728	1462
1462	942
942	1462
1462	1057
1057	1462
1462	1149
1149	1462
1463	35
35	1463
1463	246
246	1463
1463	401
401	1463
1463	459
459	1463
1463	623
623	1463
1463	825
825	1463
1463	925
925	1463
1463	1248
1248	1463
1464	94
94	1464
1464	158
158	1464
1464	632
632	1464
1464	660
660	1464
1464	1057
1057	1464
1464	1125
1125	1464
1465	55
55	1465
1465	63
63	1465
1465	116
116	1465
1465	217
217	1465
1465	245
245	1465
1465	504
504	1465
1465	1073
1073	1465
1465	1256
1256	1465
1466	178
178	1466
1466	482
482	1466
1466	681
681	1466
1466	779
779	1466
1466	850
850	1466
1466	925
925	1466
1466	975
975	1466
1466	1042
1042	1466
1466	1073
1073	1466
1466	1096
1096	1466
1466	1252
1252	1466
1467	75
75	1467
1467	503
503	1467
1467	1119
1119	1467
1467	1143
1143	1467
1468	150
150	1468
1468	209
209	1468
1468	893
893	1468
1468	962
962	1468
1468	995
995	1468
1468	1198
1198	1468
1468	1361
1361	1468
1468	1393
1393	1468
1469	167
167	1469
1469	290
290	1469
1469	358
358	1469
1469	565
565	1469
1469	657
657	1469
1469	790
790	1469
1469	923
923	1469
1469	1058
1058	1469
1470	858
858	1470
1470	1326
1326	1470
1471	8
8	1471
1471	538
538	1471
1471	550
550	1471
1471	587
587	1471
1471	761
761	1471
1471	785
785	1471
1471	1000
1000	1471
1472	45
45	1472
1472	110
110	1472
1472	520
520	1472
1472	599
599	1472
1472	789
789	1472
1472	940
940	1472
1472	1294
1294	1472
1472	1462
1462	1472
1473	27
27	1473
1473	263
263	1473
1473	614
614	1473
1473	641
641	1473
1473	662
662	1473
1473	960
960	1473
1473	1302
1302	1473
1473	1364
1364	1473
1473	1407
1407	1473
1474	24
24	1474
1474	250
250	1474
1474	265
265	1474
1474	535
535	1474
1474	686
686	1474
1474	750
750	1474
1474	964
964	1474
1475	133
133	1475
1475	309
309	1475
1475	348
348	1475
1475	522
522	1475
1475	734
734	1475
1475	827
827	1475
1475	1068
1068	1475
1475	1281
1281	1475
1475	1439
1439	1475
1476	166
166	1476
1476	679
679	1476
1476	758
758	1476
1476	847
847	1476
1476	981
981	1476
1476	1155
1155	1476
1476	1288
1288	1476
1476	1331
1331	1476
1476	1445
1445	1476
1477	258
258	1477
1477	429
429	1477
1477	462
462	1477
1477	608
608	1477
1477	874
874	1477
1477	888
888	1477
1477	1216
1216	1477
1477	1241
1241	1477
1477	1303
1303	1477
1478	334
334	1478
1478	801
801	1478
1478	1095
1095	1478
1478	1307
1307	1478
1479	672
672	1479
1479	959
959	1479
1480	428
428	1480
1480	814
814	1480
1480	1217
1217	1480
1480	1244
1244	1480
1481	108
108	1481
1481	297
297	1481
1481	345
345	1481
1481	711
711	1481
1481	942
942	1481
1482	53
53	1482
1482	235
235	1482
1482	559
559	1482
1482	745
745	1482
1482	845
845	1482
1482	967
967	1482
1482	1299
1299	1482
1482	1440
1440	1482
1483	31
31	1483
1483	275
275	1483
1483	335
335	1483
1483	835
835	1483
1483	1016
1016	1483
1483	1090
1090	1483
1483	1242
1242	1483
1483	1357
1357	1483
1483	1404
1404	1483
1484	170
170	1484
1484	301
301	1484
1484	799
799	1484
1484	844
844	1484
1484	973
973	1484
1484	1003
1003	1484
1484	1445
1445	1484
1485	64
64	1485
1485	133
133	1485
1485	309
309	1485
1485	333
333	1485
1485	348
348	1485
1485	522
522	1485
1485	734
734	1485
1485	768
768	1485
1485	828
828	1485
1485	1432
1432	1485
1486	94
94	1486
1486	152
152	1486
1486	873
873	1486
1486	1057
1057	1486
1486	1240
1240	1486
1486	1406
1406	1486
1486	1472
1472	1486
1489	80
80	1489
1489	138
138	1489
1489	363
363	1489
1489	491
491	1489
1489	599
599	1489
1489	752
752	1489
1489	784
784	1489
1489	848
848	1489
1489	967
967	1489
1489	1139
1139	1489
1490	209
209	1490
1490	259
259	1490
1490	440
440	1490
1490	691
691	1490
1490	1052
1052	1490
1490	1267
1267	1490
1490	1273
1273	1490
1490	1315
1315	1490
1490	1397
1397	1490
1491	82
82	1491
1491	335
335	1491
1491	997
997	1491
1491	1061
1061	1491
1491	1159
1159	1491
1491	1475
1475	1491
1493	382
382	1493
1493	629
629	1493
1493	650
650	1493
1493	718
718	1493
1493	893
893	1493
1493	912
912	1493
1493	1183
1183	1493
1493	1262
1262	1493
1493	1273
1273	1493
1494	11
11	1494
1494	155
155	1494
1494	161
161	1494
1494	188
188	1494
1494	290
290	1494
1494	312
312	1494
1494	494
494	1494
1494	619
619	1494
1494	695
695	1494
1494	729
729	1494
1494	1490
1490	1494
1495	131
131	1495
1495	348
348	1495
1495	500
500	1495
1495	723
723	1495
1495	775
775	1495
1495	1177
1177	1495
1495	1457
1457	1495
1496	371
371	1496
1496	638
638	1496
1496	746
746	1496
1496	1016
1016	1496
1497	37
37	1497
1497	142
142	1497
1497	302
302	1497
1497	403
403	1497
1497	883
883	1497
1497	1028
1028	1497
1497	1469
1469	1497
1497	1478
1478	1497
1498	143
143	1498
1498	188
188	1498
1498	290
290	1498
1498	494
494	1498
1498	624
624	1498
1498	662
662	1498
1498	835
835	1498
1498	1360
1360	1498
1498	1404
1404	1498
1499	14
14	1499
1499	252
252	1499
1499	373
373	1499
1499	394
394	1499
1499	476
476	1499
1499	778
778	1499
1499	790
790	1499
1499	1408
1408	1499
1500	0
0	1500
1500	96
96	1500
1500	353
353	1500
1500	682
682	1500
1501	292
292	1501
1501	663
663	1501
1501	857
857	1501
1501	1350
1350	1501
1502	46
46	1502
1502	308
308	1502
1502	523
523	1502
1502	529
529	1502
1502	672
672	1502
1502	912
912	1502
1502	1276
1276	1502
1502	1313
1313	1502
1503	335
335	1503
1503	500
500	1503
1503	565
565	1503
1503	679
679	1503
1503	1045
1045	1503
1503	1207
1207	1503
1503	1405
1405	1503
1503	1429
1429	1503
1504	94
94	1504
1504	218
218	1504
1504	247
247	1504
1504	545
545	1504
1504	557
557	1504
1504	881
881	1504
1504	1425
1425	1504
1505	334
334	1505
1505	500
500	1505
1505	679
679	1505
1505	801
801	1505
1505	911
911	1505
1505	1045
1045	1505
1505	1095
1095	1505
1505	1307
1307	1505
1505	1497
1497	1505
1506	147
147	1506
1506	152
152	1506
1506	195
195	1506
1506	450
450	1506
1506	885
885	1506
1506	1057
1057	1506
1506	1101
1101	1506
1506	1240
1240	1506
1506	1472
1472	1506
1506	1489
1489	1506
1507	48
48	1507
1507	151
151	1507
1507	370
370	1507
1507	938
938	1507
1507	1234
1234	1507
1507	1465
1465	1507
1508	79
79	1508
1508	194
194	1508
1508	306
306	1508
1508	361
361	1508
1508	431
431	1508
1508	493
493	1508
1508	626
626	1508
1508	703
703	1508
1508	1127
1127	1508
1509	81
81	1509
1509	317
317	1509
1509	736
736	1509
1509	782
782	1509
1509	930
930	1509
1509	996
996	1509
1509	1298
1298	1509
1509	1320
1320	1509
1510	35
35	1510
1510	72
72	1510
1510	594
594	1510
1510	637
637	1510
1510	934
934	1510
1510	1271
1271	1510
1510	1320
1320	1510
1510	1501
1501	1510
1511	13
13	1511
1511	242
242	1511
1511	551
551	1511
1511	650
650	1511
1511	718
718	1511
1511	893
893	1511
1511	1273
1273	1511
1512	492
492	1512
1512	498
498	1512
1512	733
733	1512
1512	754
754	1512
1512	765
765	1512
1512	1075
1075	1512
1512	1222
1222	1512
1512	1285
1285	1512
1512	1376
1376	1512
1513	111
111	1513
1513	134
134	1513
1513	494
494	1513
1513	506
506	1513
1513	511
511	1513
1513	570
570	1513
1513	593
593	1513
1513	1146
1146	1513
1514	569
569	1514
1514	588
588	1514
1514	670
670	1514
1514	882
882	1514
1515	123
123	1515
1515	309
309	1515
1515	461
461	1515
1515	591
591	1515
1515	1154
1154	1515
1515	1335
1335	1515
1515	1345
1345	1515
1515	1352
1352	1515
1515	1470
1470	1515
1516	36
36	1516
1516	295
295	1516
1516	541
541	1516
1516	680
680	1516
1516	1238
1238	1516
1516	1312
1312	1516
1516	1346
1346	1516
1516	1491
1491	1516
1517	361
361	1517
1517	375
375	1517
1517	438
438	1517
1517	493
493	1517
1517	703
703	1517
1517	852
852	1517
1517	943
943	1517
1517	1356
1356	1517
1518	105
105	1518
1518	338
338	1518
1518	583
583	1518
1518	851
851	1518
1518	976
976	1518
1518	1159
1159	1518
1518	1383
1383	1518
1519	48
48	1519
1519	153
153	1519
1519	174
174	1519
1519	566
566	1519
1519	973
973	1519
1519	1194
1194	1519
1519	1224
1224	1519
1520	115
115	1520
1520	186
186	1520
1520	201
201	1520
1520	303
303	1520
1520	335
335	1520
1520	375
375	1520
1520	1159
1159	1520
1520	1511
1511	1520
1521	155
155	1521
1521	168
168	1521
1521	188
188	1521
1521	580
580	1521
1521	619
619	1521
1521	695
695	1521
1521	729
729	1521
1521	1362
1362	1521
1522	369
369	1522
1522	453
453	1522
1522	631
631	1522
1522	659
659	1522
1522	700
700	1522
1522	917
917	1522
1522	971
971	1522
1522	1348
1348	1522
1523	243
243	1523
1523	301
301	1523
1523	1030
1030	1523
1523	1218
1218	1523
1524	165
165	1524
1524	177
177	1524
1524	225
225	1524
1524	276
276	1524
1524	1066
1066	1524
1524	1291
1291	1524
1524	1366
1366	1524
1525	120
120	1525
1525	735
735	1525
1525	795
795	1525
1525	1130
1130	1525
1525	1291
1291	1525
1525	1449
1449	1525
1526	511
511	1526
1526	723
723	1526
1526	813
813	1526
1526	866
866	1526
1526	1155
1155	1526
1526	1335
1335	1526
1527	385
385	1527
1527	529
529	1527
1527	607
607	1527
1527	777
777	1527
1527	830
830	1527
1527	1210
1210	1527
1528	2
2	1528
1528	101
101	1528
1528	125
125	1528
1528	134
134	1528
1528	167
167	1528
1528	186
186	1528
1528	272
272	1528
1528	419
419	1528
1528	429
429	1528
1528	583
583	1528
1528	927
927	1528
1528	1111
1111	1528
1529	112
112	1529
1529	213
213	1529
1529	610
610	1529
1529	802
802	1529
1529	848
848	1529
1529	898
898	1529
1529	1007
1007	1529
1529	1114
1114	1529
1529	1295
1295	1529
1530	200
200	1530
1530	360
360	1530
1530	464
464	1530
1530	645
645	1530
1530	838
838	1530
1530	952
952	1530
1530	965
965	1530
1530	1132
1132	1530
1531	14
14	1531
1531	476
476	1531
1531	496
496	1531
1531	632
632	1531
1531	778
778	1531
1531	1046
1046	1531
1531	1171
1171	1531
1531	1406
1406	1531
1532	286
286	1532
1532	693
693	1532
1532	696
696	1532
1532	935
935	1532
1532	1226
1226	1532
1532	1380
1380	1532
1532	1463
1463	1532
1533	74
74	1533
1533	423
423	1533
1533	484
484	1533
1533	651
651	1533
1533	659
659	1533
1533	886
886	1533
1533	1060
1060	1533
1533	1529
1529	1533
1534	68
68	1534
1534	330
330	1534
1534	359
359	1534
1534	586
586	1534
1534	589
589	1534
1534	850
850	1534
1534	1041
1041	1534
1534	1102
1102	1534
1534	1319
1319	1534
1534	1367
1367	1534
1535	49
49	1535
1535	380
380	1535
1535	405
405	1535
1535	702
702	1535
1535	836
836	1535
1535	971
971	1535
1535	1266
1266	1535
1535	1358
1358	1535
1535	1474
1474	1535
1536	56
56	1536
1536	78
78	1536
1536	290
290	1536
1536	343
343	1536
1536	494
494	1536
1536	805
805	1536
1536	1083
1083	1536
1536	1302
1302	1536
1537	190
190	1537
1537	311
311	1537
1537	319
319	1537
1537	530
530	1537
1537	888
888	1537
1537	1105
1105	1537
1537	1189
1189	1537
1537	1232
1232	1537
1537	1239
1239	1537
1538	188
188	1538
1538	321
321	1538
1538	448
448	1538
1538	903
903	1538
1538	928
928	1538
1538	1138
1138	1538
1538	1333
1333	1538
1538	1373
1373	1538
1538	1416
1416	1538
1539	11
11	1539
1539	308
308	1539
1539	373
373	1539
1539	523
523	1539
1539	1032
1032	1539
1539	1190
1190	1539
1539	1276
1276	1539
1539	1429
1429	1539
1539	1521
1521	1539
1540	195
195	1540
1540	325
325	1540
1540	842
842	1540
1540	877
877	1540
1540	880
880	1540
1540	889
889	1540
1540	1007
1007	1540
1540	1523
1523	1540
1540	1533
1533	1540
1541	196
196	1541
1541	334
334	1541
1541	423
423	1541
1541	488
488	1541
1541	780
780	1541
1541	798
798	1541
1542	67
67	1542
1542	200
200	1542
1542	415
415	1542
1542	464
464	1542
1542	549
549	1542
1542	612
612	1542
1542	670
670	1542
1542	952
952	1542
1542	1355
1355	1542
1542	1541
1541	1542
1543	195
195	1543
1543	264
264	1543
1543	450
450	1543
1543	810
810	1543
1543	833
833	1543
1543	1057
1057	1543
1543	1099
1099	1543
1543	1176
1176	1543
1543	1489
1489	1543
1544	309
309	1544
1544	333
333	1544
1544	591
591	1544
1544	599
599	1544
1544	1293
1293	1544
1544	1352
1352	1544
1544	1382
1382	1544
1544	1459
1459	1544
1544	1464
1464	1544
1545	386
386	1545
1545	399
399	1545
1545	505
505	1545
1545	616
616	1545
1545	746
746	1545
1545	853
853	1545
1545	889
889	1545
1545	1138
1138	1545
1545	1387
1387	1545
1545	1537
1537	1545
1546	267
267	1546
1546	329
329	1546
1546	794
794	1546
1546	819
819	1546
1546	1108
1108	1546
1546	1164
1164	1546
1546	1442
1442	1546
1546	1499
1499	1546
1547	213
213	1547
1547	610
610	1547
1547	848
848	1547
1547	1007
1007	1547
1547	1533
1533	1547
1548	74
74	1548
1548	132
132	1548
1548	207
207	1548
1548	346
346	1548
1548	374
374	1548
1548	484
484	1548
1548	591
591	1548
1548	803
803	1548
1548	1047
1047	1548
1548	1400
1400	1548
1549	118
118	1549
1549	347
347	1549
1549	383
383	1549
1549	807
807	1549
1549	941
941	1549
1549	1092
1092	1549
1550	10
10	1550
1550	62
62	1550
1550	188
188	1550
1550	293
293	1550
1550	329
329	1550
1550	599
599	1550
1550	1378
1378	1550
1550	1543
1543	1550
1551	50
50	1551
1551	218
218	1551
1551	402
402	1551
1551	458
458	1551
1551	557
557	1551
1551	932
932	1551
1551	954
954	1551
1551	961
961	1551
1551	972
972	1551
1551	1388
1388	1551
1552	107
107	1552
1552	291
291	1552
1552	321
321	1552
1552	595
595	1552
1552	636
636	1552
1552	939
939	1552
1552	1473
1473	1552
1553	274
274	1553
1553	275
275	1553
1553	421
421	1553
1553	835
835	1553
1554	131
131	1554
1554	174
174	1554
1554	414
414	1554
1554	485
485	1554
1554	723
723	1554
1554	1132
1132	1554
1554	1175
1175	1554
1554	1410
1410	1554
1554	1500
1500	1554
1555	58
58	1555
1555	122
122	1555
1555	270
270	1555
1555	421
421	1555
1555	523
523	1555
1555	1117
1117	1555
1555	1151
1151	1555
1555	1154
1154	1555
1555	1284
1284	1555
1555	1461
1461	1555
1555	1521
1521	1555
1556	38
38	1556
1556	325
325	1556
1556	329
329	1556
1556	505
505	1556
1556	590
590	1556
1556	636
636	1556
1556	791
791	1556
1556	1217
1217	1556
1556	1357
1357	1556
1556	1401
1401	1556
1556	1524
1524	1556
1557	140
140	1557
1557	207
207	1557
1557	346
346	1557
1557	510
510	1557
1557	734
734	1557
1557	806
806	1557
1557	1025
1025	1557
1557	1211
1211	1557
1558	74
74	1558
1558	346
346	1558
1558	551
551	1558
1558	591
591	1558
1558	1384
1384	1558
1559	204
204	1559
1559	390
390	1559
1559	437
437	1559
1559	579
579	1559
1559	632
632	1559
1559	708
708	1559
1559	712
712	1559
1559	1406
1406	1559
1559	1519
1519	1559
1560	40
40	1560
1560	468
468	1560
1560	514
514	1560
1560	609
609	1560
1560	747
747	1560
1560	889
889	1560
1560	1535
1535	1560
1561	134
134	1561
1561	170
170	1561
1561	494
494	1561
1561	506
506	1561
1561	511
511	1561
1561	605
605	1561
1561	1045
1045	1561
1562	53
53	1562
1562	159
159	1562
1562	235
235	1562
1562	409
409	1562
1562	752
752	1562
1562	845
845	1562
1562	967
967	1562
1562	1440
1440	1562
1563	225
225	1563
1563	354
354	1563
1563	748
748	1563
1563	997
997	1563
1563	1008
1008	1563
1563	1061
1061	1563
1563	1516
1516	1563
1564	94
94	1564
1564	545
545	1564
1564	717
717	1564
1564	841
841	1564
1564	1057
1057	1564
1564	1098
1098	1564
1564	1489
1489	1564
1565	49
49	1565
1565	94
94	1565
1565	698
698	1565
1565	738
738	1565
1565	1280
1280	1565
1565	1471
1471	1565
1566	147
147	1566
1566	208
208	1566
1566	306
306	1566
1566	885
885	1566
1566	943
943	1566
1566	1042
1042	1566
1566	1101
1101	1566
1566	1354
1354	1566
1566	1387
1387	1566
1567	98
98	1567
1567	211
211	1567
1567	243
243	1567
1567	350
350	1567
1567	826
826	1567
1567	976
976	1567
1567	1086
1086	1567
1567	1253
1253	1567
1568	110
110	1568
1568	197
197	1568
1568	344
344	1568
1568	597
597	1568
1568	882
882	1568
1568	980
980	1568
1568	1376
1376	1568
1569	196
196	1569
1569	229
229	1569
1569	369
369	1569
1569	553
553	1569
1569	964
964	1569
1569	1133
1133	1569
1569	1215
1215	1569
1569	1318
1318	1569
1569	1479
1479	1569
1570	164
164	1570
1570	691
691	1570
1570	718
718	1570
1570	1000
1000	1570
1570	1022
1022	1570
1571	234
234	1571
1571	594
594	1571
1571	1311
1311	1571
1571	1368
1368	1571
1572	78
78	1572
1572	143
143	1572
1572	192
192	1572
1572	290
290	1572
1572	494
494	1572
1572	662
662	1572
1572	835
835	1572
1572	894
894	1572
1572	978
978	1572
1573	34
34	1573
1573	225
225	1573
1573	354
354	1573
1573	871
871	1573
1573	1008
1008	1573
1573	1053
1053	1573
1574	360
360	1574
1574	410
410	1574
1574	645
645	1574
1574	817
817	1574
1574	838
838	1574
1574	1132
1132	1574
1574	1211
1211	1574
1574	1434
1434	1574
1575	69
69	1575
1575	533
533	1575
1575	599
599	1575
1575	866
866	1575
1575	910
910	1575
1575	947
947	1575
1575	1055
1055	1575
1575	1174
1174	1575
1575	1177
1177	1575
1576	6
6	1576
1576	711
711	1576
1576	824
824	1576
1576	1055
1055	1576
1576	1068
1068	1576
1576	1328
1328	1576
1576	1565
1565	1576
1577	185
185	1577
1577	871
871	1577
1577	993
993	1577
1577	1114
1114	1577
1577	1179
1179	1577
1577	1257
1257	1577
1577	1400
1400	1577
1578	31
31	1578
1578	528
528	1578
1578	1016
1016	1578
1578	1090
1090	1578
1578	1126
1126	1578
1578	1189
1189	1578
1578	1357
1357	1578
1578	1390
1390	1578
1578	1404
1404	1578
1579	34
34	1579
1579	44
44	1579
1579	366
366	1579
1579	828
828	1579
1579	1047
1047	1579
1579	1273
1273	1579
1579	1483
1483	1579
1579	1536
1536	1579
1579	1553
1553	1579
1580	165
165	1580
1580	177
177	1580
1580	225
225	1580
1580	523
523	1580
1580	924
924	1580
1580	1260
1260	1580
1580	1291
1291	1580
1580	1366
1366	1580
1580	1521
1521	1580
1581	37
37	1581
1581	122
122	1581
1581	387
387	1581
1581	449
449	1581
1581	745
745	1581
1581	756
756	1581
1581	1010
1010	1581
1581	1273
1273	1581
1581	1433
1433	1581
1582	56
56	1582
1582	188
188	1582
1582	290
290	1582
1582	494
494	1582
1582	815
815	1582
1582	1233
1233	1582
1582	1302
1302	1582
1582	1502
1502	1582
1582	1539
1539	1582
1582	1579
1579	1582
1583	87
87	1583
1583	157
157	1583
1583	913
913	1583
1583	1022
1022	1583
1583	1165
1165	1583
1583	1222
1222	1583
1583	1276
1276	1583
1583	1538
1538	1583
1584	134
134	1584
1584	258
258	1584
1584	593
593	1584
1584	1094
1094	1584
1584	1405
1405	1584
1584	1518
1518	1584
1585	98
98	1585
1585	243
243	1585
1585	331
331	1585
1585	574
574	1585
1585	891
891	1585
1585	1004
1004	1585
1585	1020
1020	1585
1585	1086
1086	1585
1585	1212
1212	1585
1585	1224
1224	1585
1585	1265
1265	1585
1586	53
53	1586
1586	190
190	1586
1586	323
323	1586
1586	407
407	1586
1586	661
661	1586
1586	719
719	1586
1586	1048
1048	1586
1586	1164
1164	1586
1586	1287
1287	1586
1586	1410
1410	1586
1587	133
133	1587
1587	422
422	1587
1587	547
547	1587
1587	947
947	1587
1587	1095
1095	1587
1587	1322
1322	1587
1587	1517
1517	1587
1587	1566
1566	1587
1588	62
62	1588
1588	166
166	1588
1588	588
588	1588
1588	797
797	1588
1588	1103
1103	1588
1588	1107
1107	1588
1588	1331
1331	1588
1588	1504
1504	1588
1588	1564
1564	1588
1589	80
80	1589
1589	392
392	1589
1589	587
587	1589
1589	995
995	1589
1589	1000
1000	1589
1589	1450
1450	1589
1589	1486
1486	1589
1589	1521
1521	1589
1590	144
144	1590
1590	335
335	1590
1590	500
500	1590
1590	565
565	1590
1590	981
981	1590
1590	1207
1207	1590
1590	1364
1364	1590
1590	1405
1405	1590
1591	20
20	1591
1591	590
590	1591
1591	617
617	1591
1591	905
905	1591
1591	1217
1217	1591
1591	1252
1252	1591
1591	1399
1399	1591
1591	1454
1454	1591
1591	1537
1537	1591
1592	465
465	1592
1592	638
638	1592
1592	729
729	1592
1592	753
753	1592
1592	924
924	1592
1592	951
951	1592
1592	1039
1039	1592
1592	1173
1173	1592
1592	1273
1273	1592
1592	1477
1477	1592
1593	91
91	1593
1593	471
471	1593
1593	553
553	1593
1593	721
721	1593
1593	896
896	1593
1593	906
906	1593
1593	916
916	1593
1593	1170
1170	1593
1593	1214
1214	1593
1593	1576
1576	1593
1594	204
204	1594
1594	317
317	1594
1594	622
622	1594
1594	805
805	1594
1594	896
896	1594
1594	1172
1172	1594
1594	1266
1266	1594
1594	1309
1309	1594
1594	1372
1372	1594
1594	1380
1380	1594
1595	164
164	1595
1595	389
389	1595
1595	464
464	1595
1595	523
523	1595
1595	527
527	1595
1595	952
952	1595
1595	965
965	1595
1595	1145
1145	1595
1595	1541
1541	1595
1596	156
156	1596
1596	188
188	1596
1596	290
290	1596
1596	321
321	1596
1596	436
436	1596
1596	494
494	1596
1596	928
928	1596
1596	997
997	1596
1596	1138
1138	1596
1596	1373
1373	1596
1597	8
8	1597
1597	219
219	1597
1597	342
342	1597
1597	538
538	1597
1597	550
550	1597
1597	761
761	1597
1597	845
845	1597
1597	1329
1329	1597
1597	1531
1531	1597
1597	1565
1565	1597
1598	36
36	1598
1598	261
261	1598
1598	599
599	1598
1598	947
947	1598
1598	1055
1055	1598
1598	1177
1177	1598
1598	1316
1316	1598
1598	1329
1329	1598
1598	1551
1551	1598
1599	110
110	1599
1599	148
148	1599
1599	503
503	1599
1599	519
519	1599
1599	571
571	1599
1599	689
689	1599
1599	940
940	1599
1599	1294
1294	1599
1599	1462
1462	1599
1600	292
292	1600
1600	663
663	1600
1600	857
857	1600
1600	1133
1133	1600
1600	1314
1314	1600
1600	1350
1350	1600
1600	1376
1376	1600
1600	1510
1510	1600
1601	174
174	1601
1601	219
219	1601
1601	342
342	1601
1601	679
679	1601
1601	845
845	1601
1601	981
981	1601
1601	1155
1155	1601
1601	1288
1288	1601
1601	1445
1445	1601
1601	1531
1531	1601
1602	72
72	1602
1602	144
144	1602
1602	327
327	1602
1602	500
500	1602
1602	594
594	1602
1602	637
637	1602
1602	981
981	1602
1602	1501
1501	1602
1602	1600
1600	1602
1603	0
0	1603
1603	68
68	1603
1603	147
147	1603
1603	885
885	1603
1603	950
950	1603
1603	961
961	1603
1603	1042
1042	1603
1603	1101
1101	1603
1603	1250
1250	1603
1603	1354
1354	1603
1603	1387
1387	1603
1604	150
150	1604
1604	209
209	1604
1604	416
416	1604
1604	420
420	1604
1604	569
569	1604
1604	714
714	1604
1604	893
893	1604
1604	995
995	1604
1604	1142
1142	1604
1604	1361
1361	1604
1605	244
244	1605
1605	260
260	1605
1605	425
425	1605
1605	825
825	1605
1605	1113
1113	1605
1605	1567
1567	1605
1606	80
80	1606
1606	138
138	1606
1606	188
188	1606
1606	398
398	1606
1606	491
491	1606
1606	599
599	1606
1606	784
784	1606
1606	819
819	1606
1607	271
271	1607
1607	449
449	1607
1607	737
737	1607
1607	840
840	1607
1607	1304
1304	1607
1607	1431
1431	1607
1607	1572
1572	1607
1608	121
121	1608
1608	263
263	1608
1608	499
499	1608
1608	513
513	1608
1608	658
658	1608
1608	687
687	1608
1608	792
792	1608
1608	1136
1136	1608
1608	1231
1231	1608
1609	649
649	1609
1609	750
750	1609
1609	1113
1113	1609
1609	1119
1119	1609
1610	437
437	1610
1610	476
476	1610
1610	496
496	1610
1610	632
632	1610
1610	708
708	1610
1610	778
778	1610
1610	1406
1406	1610
1610	1519
1519	1610
1610	1546
1546	1610
1610	1601
1601	1610
1611	56
56	1611
1611	101
101	1611
1611	394
394	1611
1611	1207
1207	1611
1612	45
45	1612
1612	177
177	1612
1612	309
309	1612
1612	520
520	1612
1612	591
591	1612
1612	599
599	1612
1612	1352
1352	1612
1612	1486
1486	1612
1612	1506
1506	1612
1613	218
218	1613
1613	247
247	1613
1613	361
361	1613
1613	493
493	1613
1613	557
557	1613
1613	703
703	1613
1613	881
881	1613
1613	897
897	1613
1613	1034
1034	1613
1613	1351
1351	1613
1613	1425
1425	1613
1614	49
49	1614
1614	236
236	1614
1614	380
380	1614
1614	428
428	1614
1614	787
787	1614
1614	1042
1042	1614
1614	1214
1214	1614
1614	1221
1221	1614
1614	1354
1354	1614
1614	1387
1387	1614
1614	1409
1409	1614
1615	411
411	1615
1615	614
614	1615
1615	649
649	1615
1615	750
750	1615
1615	917
917	1615
1615	1113
1113	1615
1615	1119
1119	1615
1617	114
114	1617
1617	173
173	1617
1617	459
459	1617
1617	825
825	1617
1617	925
925	1617
1617	1225
1225	1617
1617	1248
1248	1617
1617	1349
1349	1617
1617	1532
1532	1617
1618	0
0	1618
1618	68
68	1618
1618	94
94	1618
1618	873
873	1618
1618	950
950	1618
1618	961
961	1618
1618	1250
1250	1618
1618	1406
1406	1618
1618	1589
1589	1618
1619	285
285	1619
1619	298
298	1619
1619	582
582	1619
1619	767
767	1619
1619	839
839	1619
1619	848
848	1619
1619	1112
1112	1619
1619	1295
1295	1619
1619	1558
1558	1619
1620	98
98	1620
1620	243
243	1620
1620	378
378	1620
1620	675
675	1620
1620	826
826	1620
1620	1086
1086	1620
1620	1191
1191	1620
1620	1605
1605	1620
1621	62
62	1621
1621	587
587	1621
1621	785
785	1621
1621	797
797	1621
1621	1000
1000	1621
1621	1103
1103	1621
1621	1504
1504	1621
1621	1521
1521	1621
1621	1564
1564	1621
1622	49
49	1622
1622	101
101	1622
1622	312
312	1622
1622	380
380	1622
1622	394
394	1622
1622	579
579	1622
1622	986
986	1622
1622	1207
1207	1622
1622	1266
1266	1622
1622	1389
1389	1622
1622	1474
1474	1622
1623	85
85	1623
1623	118
118	1623
1623	305
305	1623
1623	585
585	1623
1623	852
852	1623
1623	939
939	1623
1623	992
992	1623
1624	80
80	1624
1624	138
138	1624
1624	491
491	1624
1624	599
599	1624
1624	669
669	1624
1624	703
703	1624
1624	784
784	1624
1624	807
807	1624
1624	918
918	1624
1625	55
55	1625
1625	543
543	1625
1625	554
554	1625
1625	615
615	1625
1625	881
881	1625
1625	932
932	1625
1625	1100
1100	1625
1625	1418
1418	1625
1625	1507
1507	1625
1626	94
94	1626
1626	205
205	1626
1626	441
441	1626
1626	632
632	1626
1626	644
644	1626
1626	660
660	1626
1626	1057
1057	1626
1626	1125
1125	1626
1626	1489
1489	1626
1626	1624
1624	1626
1627	120
120	1627
1627	166
166	1627
1627	344
344	1627
1627	416
416	1627
1627	612
612	1627
1627	675
675	1627
1627	976
976	1627
1627	1605
1605	1627
1628	100
100	1628
1628	227
227	1628
1628	946
946	1628
1628	1050
1050	1628
1628	1121
1121	1628
1628	1293
1293	1628
1628	1312
1312	1628
1628	1403
1403	1628
1629	91
91	1629
1629	258
258	1629
1629	277
277	1629
1629	488
488	1629
1629	561
561	1629
1629	608
608	1629
1629	888
888	1629
1629	1030
1030	1629
1629	1303
1303	1629
1630	568
568	1630
1630	666
666	1630
1630	686
686	1630
1630	918
918	1630
1630	1181
1181	1630
1630	1398
1398	1630
1630	1402
1402	1630
1630	1585
1585	1630
1630	1620
1620	1630
1631	258
258	1631
1631	407
407	1631
1631	573
573	1631
1631	676
676	1631
1631	874
874	1631
1631	958
958	1631
1631	1160
1160	1631
1631	1624
1624	1631
1632	125
125	1632
1632	218
218	1632
1632	286
286	1632
1632	365
365	1632
1632	457
457	1632
1632	639
639	1632
1632	648
648	1632
1632	1184
1184	1632
1632	1305
1305	1632
1633	351
351	1633
1633	489
489	1633
1633	523
523	1633
1633	690
690	1633
1633	749
749	1633
1633	966
966	1633
1633	1267
1267	1633
1633	1270
1270	1633
1633	1498
1498	1633
1633	1521
1521	1633
1634	109
109	1634
1634	366
366	1634
1634	509
509	1634
1634	1153
1153	1634
1634	1273
1273	1634
1634	1290
1290	1634
1634	1536
1536	1634
1634	1582
1582	1634
1635	183
183	1635
1635	202
202	1635
1635	606
606	1635
1635	697
697	1635
1635	843
843	1635
1635	861
861	1635
1635	1359
1359	1635
1635	1447
1447	1635
1635	1532
1532	1635
1636	631
631	1636
1636	723
723	1636
1636	859
859	1636
1636	1018
1018	1636
1636	1155
1155	1636
1636	1509
1509	1636
1637	13
13	1637
1637	242
242	1637
1637	551
551	1637
1637	753
753	1637
1637	951
951	1637
1637	1173
1173	1637
1637	1273
1273	1637
1637	1520
1520	1637
1638	735
735	1638
1638	1130
1130	1638
1638	1213
1213	1638
1638	1223
1223	1638
1638	1260
1260	1638
1638	1273
1273	1638
1638	1291
1291	1638
1638	1371
1371	1638
1638	1449
1449	1638
1639	134
134	1639
1639	288
288	1639
1639	432
432	1639
1639	494
494	1639
1639	506
506	1639
1639	511
511	1639
1639	864
864	1639
1640	133
133	1640
1640	422
422	1640
1640	1450
1450	1640
1640	1517
1517	1640
1640	1566
1566	1640
1641	110
110	1641
1641	128
128	1641
1641	139
139	1641
1641	181
181	1641
1641	198
198	1641
1641	789
789	1641
1641	1228
1228	1641
1641	1294
1294	1641
1641	1335
1335	1641
1641	1462
1462	1641
1642	47
47	1642
1642	81
81	1642
1642	86
86	1642
1642	455
455	1642
1642	678
678	1642
1642	699
699	1642
1642	1226
1226	1642
1642	1261
1261	1642
1642	1437
1437	1642
1642	1570
1570	1642
1643	132
132	1643
1643	179
179	1643
1643	522
522	1643
1643	977
977	1643
1643	1050
1050	1643
1643	1165
1165	1643
1643	1182
1182	1643
1643	1229
1229	1643
1643	1593
1593	1643
1644	369
369	1644
1644	418
418	1644
1644	452
452	1644
1644	561
561	1644
1644	971
971	1644
1644	1160
1160	1644
1644	1232
1232	1644
1644	1297
1297	1644
1644	1334
1334	1644
1644	1344
1344	1644
1644	1591
1591	1644
1645	32
32	1645
1645	82
82	1645
1645	224
224	1645
1645	652
652	1645
1645	807
807	1645
1645	822
822	1645
1645	921
921	1645
1645	1350
1350	1645
1645	1513
1513	1645
1646	32
32	1646
1646	251
251	1646
1646	652
652	1646
1646	807
807	1646
1646	822
822	1646
1646	1336
1336	1646
1646	1444
1444	1646
1646	1505
1505	1646
1646	1639
1639	1646
1647	898
898	1647
1647	1114
1114	1647
1647	1295
1295	1647
1647	1358
1358	1647
1648	513
513	1648
1648	778
778	1648
1648	1448
1448	1648
1648	1489
1489	1648
1649	46
46	1649
1649	523
523	1649
1649	527
527	1649
1649	529
529	1649
1649	672
672	1649
1649	737
737	1649
1649	912
912	1649
1649	951
951	1649
1649	1223
1223	1649
1649	1313
1313	1649
1649	1521
1521	1649
1650	661
661	1650
1650	711
711	1650
1650	820
820	1650
1650	824
824	1650
1650	1106
1106	1650
1650	1203
1203	1650
1650	1328
1328	1650
1650	1347
1347	1650
1650	1559
1559	1650
1651	10
10	1651
1651	67
67	1651
1651	420
420	1651
1651	467
467	1651
1651	760
760	1651
1651	992
992	1651
1651	1331
1331	1651
1651	1628
1628	1651
1652	55
55	1652
1652	63
63	1652
1652	102
102	1652
1652	217
217	1652
1652	504
504	1652
1652	634
634	1652
1652	1244
1244	1652
1652	1507
1507	1652
1653	73
73	1653
1653	87
87	1653
1653	270
270	1653
1653	424
424	1653
1653	785
785	1653
1653	840
840	1653
1653	966
966	1653
1653	1056
1056	1653
1653	1536
1536	1653
1653	1642
1642	1653
1654	459
459	1654
1654	641
641	1654
1654	662
662	1654
1654	1302
1302	1654
1654	1319
1319	1654
1654	1364
1364	1654
1654	1436
1436	1654
1656	65
65	1656
1656	198
198	1656
1656	426
426	1656
1656	707
707	1656
1656	1023
1023	1656
1656	1196
1196	1656
1656	1203
1203	1656
1656	1238
1238	1656
1656	1559
1559	1656
1656	1594
1594	1656
1657	81
81	1657
1657	107
107	1657
1657	188
188	1657
1657	388
388	1657
1657	665
665	1657
1657	678
678	1657
1657	853
853	1657
1657	1129
1129	1657
1657	1580
1580	1657
1657	1607
1607	1657
1658	496
496	1658
1658	603
603	1658
1658	619
619	1658
1658	658
658	1658
1658	685
685	1658
1658	793
793	1658
1658	808
808	1658
1658	841
841	1658
1658	1016
1016	1658
1658	1357
1357	1658
1659	31
31	1659
1659	67
67	1659
1659	197
197	1659
1659	216
216	1659
1659	291
291	1659
1659	362
362	1659
1659	381
381	1659
1659	446
446	1659
1659	919
919	1659
1659	949
949	1659
1659	1331
1331	1659
1660	67
67	1660
1660	399
399	1660
1660	525
525	1660
1660	526
526	1660
1660	794
794	1660
1660	980
980	1660
1660	1077
1077	1660
1660	1331
1331	1660
1660	1654
1654	1660
1661	33
33	1661
1661	89
89	1661
1661	92
92	1661
1661	371
371	1661
1661	412
412	1661
1661	467
467	1661
1661	791
791	1661
1661	815
815	1661
1661	1093
1093	1661
1661	1413
1413	1661
1661	1593
1593	1661
1662	254
254	1662
1662	813
813	1662
1662	1335
1335	1662
1663	21
21	1663
1663	310
310	1663
1663	475
475	1663
1663	1452
1452	1663
1664	80
80	1664
1664	166
166	1664
1664	392
392	1664
1664	588
588	1664
1664	758
758	1664
1664	1331
1331	1664
1664	1450
1450	1664
1664	1486
1486	1664
1664	1618
1618	1664
1665	329
329	1665
1665	630
630	1665
1665	819
819	1665
1665	949
949	1665
1665	1108
1108	1665
1665	1194
1194	1665
1665	1204
1204	1665
1665	1499
1499	1665
1667	4
4	1667
1667	88
88	1667
1667	250
250	1667
1667	963
963	1667
1667	1058
1058	1667
1667	1216
1216	1667
1667	1343
1343	1667
1667	1623
1623	1667
1669	105
105	1669
1669	338
338	1669
1669	583
583	1669
1669	656
656	1669
1669	851
851	1669
1669	976
976	1669
1669	1159
1159	1669
1669	1383
1383	1669
1669	1631
1631	1669
1670	114
114	1670
1670	543
543	1670
1670	1195
1195	1670
1670	1225
1225	1670
1670	1417
1417	1670
1671	81
81	1671
1671	188
188	1671
1671	316
316	1671
1671	556
556	1671
1671	678
678	1671
1671	894
894	1671
1671	1081
1081	1671
1671	1090
1090	1671
1671	1205
1205	1671
1671	1453
1453	1671
1671	1468
1468	1671
1672	111
111	1672
1672	335
335	1672
1672	432
432	1672
1672	500
500	1672
1672	565
565	1672
1672	944
944	1672
1672	1207
1207	1672
1672	1364
1364	1672
1672	1405
1405	1672
1673	244
244	1673
1673	288
288	1673
1673	861
861	1673
1673	1096
1096	1673
1673	1242
1242	1673
1673	1403
1403	1673
1673	1552
1552	1673
1674	46
46	1674
1674	100
100	1674
1674	672
672	1674
1674	912
912	1674
1674	1313
1313	1674
1674	1403
1403	1674
1674	1651
1651	1674
1675	108
108	1675
1675	297
297	1675
1675	466
466	1675
1675	711
711	1675
1675	942
942	1675
1676	170
170	1676
1676	501
501	1676
1676	799
799	1676
1676	872
872	1676
1676	1003
1003	1676
1676	1071
1071	1676
1676	1269
1269	1676
1676	1374
1374	1676
1676	1549
1549	1676
1677	1011
1011	1677
1677	1184
1184	1677
1677	1197
1197	1677
1677	1670
1670	1677
1678	92
92	1678
1678	255
255	1678
1678	300
300	1678
1678	437
437	1678
1678	580
580	1678
1678	655
655	1678
1678	808
808	1678
1678	819
819	1678
1678	1477
1477	1678
1678	1629
1629	1678
1679	118
118	1679
1679	235
235	1679
1679	295
295	1679
1679	305
305	1679
1679	585
585	1679
1679	666
666	1679
1679	1108
1108	1679
1679	1347
1347	1679
1680	227
227	1680
1680	523
523	1680
1680	527
527	1680
1680	737
737	1680
1680	946
946	1680
1680	951
951	1680
1680	1050
1050	1680
1680	1223
1223	1680
1680	1293
1293	1680
1680	1312
1312	1680
1680	1521
1521	1680
1681	126
126	1681
1681	231
231	1681
1681	278
278	1681
1681	448
448	1681
1681	458
458	1681
1681	710
710	1681
1681	744
744	1681
1681	826
826	1681
1681	903
903	1681
1681	1368
1368	1681
1681	1425
1425	1681
1682	66
66	1682
1682	320
320	1682
1682	749
749	1682
1682	982
982	1682
1682	1292
1292	1682
1682	1397
1397	1682
1683	511
511	1683
1683	723
723	1683
1683	872
872	1683
1683	1014
1014	1683
1683	1018
1018	1683
1683	1456
1456	1683
1683	1463
1463	1683
1684	238
238	1684
1684	249
249	1684
1684	274
274	1684
1684	534
534	1684
1684	690
690	1684
1684	998
998	1684
1684	1274
1274	1684
1684	1292
1292	1684
1685	36
36	1685
1685	176
176	1685
1685	261
261	1685
1685	452
452	1685
1685	1048
1048	1685
1685	1243
1243	1685
1685	1303
1303	1685
1685	1316
1316	1685
1685	1329
1329	1685
1685	1342
1342	1685
1686	37
37	1686
1686	142
142	1686
1686	360
360	1686
1686	363
363	1686
1686	403
403	1686
1686	645
645	1686
1686	838
838	1686
1686	1132
1132	1686
1686	1469
1469	1686
1687	125
125	1687
1687	206
206	1687
1687	218
218	1687
1687	365
365	1687
1687	457
457	1687
1687	782
782	1687
1687	1298
1298	1687
1687	1320
1320	1687
1687	1636
1636	1687
1688	176
176	1688
1688	348
348	1688
1688	452
452	1688
1688	1048
1048	1688
1688	1177
1177	1688
1688	1243
1243	1688
1688	1303
1303	1688
1688	1342
1342	1688
1688	1457
1457	1688
1688	1603
1603	1688
1688	1618
1618	1688
1689	226
226	1689
1689	405
405	1689
1689	448
448	1689
1689	637
637	1689
1689	702
702	1689
1689	710
710	1689
1689	836
836	1689
1689	971
971	1689
1689	1358
1358	1689
1689	1560
1560	1689
1689	1568
1568	1689
1690	123
123	1690
1690	309
309	1690
1690	461
461	1690
1690	591
591	1690
1690	1293
1293	1690
1690	1335
1335	1690
1690	1345
1345	1690
1690	1352
1352	1690
1690	1470
1470	1690
1691	94
94	1691
1691	300
300	1691
1691	500
500	1691
1691	521
521	1691
1691	911
911	1691
1691	1045
1045	1691
1691	1084
1084	1691
1691	1158
1158	1691
1692	202
202	1692
1692	446
446	1692
1692	861
861	1692
1692	1001
1001	1692
1692	1077
1077	1692
1692	1148
1148	1692
1692	1359
1359	1692
1692	1532
1532	1692
1693	264
264	1693
1693	450
450	1693
1693	717
717	1693
1693	747
747	1693
1693	810
810	1693
1693	841
841	1693
1693	1057
1057	1693
1693	1098
1098	1693
1693	1176
1176	1693
1693	1489
1489	1693
1693	1624
1624	1693
1694	30
30	1694
1694	310
310	1694
1694	568
568	1694
1694	666
666	1694
1694	892
892	1694
1694	918
918	1694
1694	1024
1024	1694
1694	1062
1062	1694
1694	1181
1181	1694
1694	1484
1484	1694
1695	24
24	1695
1695	413
413	1695
1695	532
532	1695
1695	604
604	1695
1695	860
860	1695
1695	940
940	1695
1695	964
964	1695
1695	1104
1104	1695
1695	1535
1535	1695
1697	113
113	1697
1697	552
552	1697
1697	773
773	1697
1697	984
984	1697
1697	1206
1206	1697
1698	119
119	1698
1698	640
640	1698
1698	796
796	1698
1698	822
822	1698
1698	867
867	1698
1698	1038
1038	1698
1699	241
241	1699
1699	508
508	1699
1699	536
536	1699
1699	904
904	1699
1699	934
934	1699
1699	1170
1170	1699
1699	1230
1230	1699
1699	1695
1695	1699
1700	603
603	1700
1700	607
607	1700
1700	619
619	1700
1700	777
777	1700
1700	808
808	1700
1700	1210
1210	1700
1701	172
172	1701
1701	178
178	1701
1701	262
262	1701
1701	329
329	1701
1701	386
386	1701
1701	505
505	1701
1701	590
590	1701
1701	636
636	1701
1701	791
791	1701
1701	1217
1217	1701
1701	1357
1357	1701
1701	1524
1524	1701
1702	335
335	1702
1702	462
462	1702
1702	500
500	1702
1702	565
565	1702
1702	679
679	1702
1702	1045
1045	1702
1702	1207
1207	1702
1702	1405
1405	1702
1703	38
38	1703
1703	165
165	1703
1703	346
346	1703
1703	609
609	1703
1703	734
734	1703
1703	889
889	1703
1703	1286
1286	1703
1703	1569
1569	1703
1703	1577
1577	1703
1704	7
7	1704
1704	74
74	1704
1704	322
322	1704
1704	327
327	1704
1704	799
799	1704
1704	911
911	1704
1704	965
965	1704
1704	1018
1018	1704
1704	1283
1283	1704
1704	1480
1480	1704
1705	81
81	1705
1705	240
240	1705
1705	273
273	1705
1705	317
317	1705
1705	736
736	1705
1705	1278
1278	1705
1705	1421
1421	1705
1705	1422
1422	1705
1705	1698
1698	1705
1706	310
310	1706
1706	568
568	1706
1706	666
666	1706
1706	892
892	1706
1706	918
918	1706
1706	1024
1024	1706
1706	1062
1062	1706
1706	1181
1181	1706
1706	1484
1484	1706
1707	135
135	1707
1707	199
199	1707
1707	237
237	1707
1707	392
392	1707
1707	530
530	1707
1707	1029
1029	1707
1707	1079
1079	1707
1707	1144
1144	1707
1707	1243
1243	1707
1707	1342
1342	1707
1707	1551
1551	1707
1708	183
183	1708
1708	451
451	1708
1708	807
807	1708
1708	863
863	1708
1708	1033
1033	1708
1708	1505
1505	1708
1708	1561
1561	1708
1708	1590
1590	1708
1708	1691
1691	1708
1709	190
190	1709
1709	319
319	1709
1709	530
530	1709
1709	555
555	1709
1709	769
769	1709
1709	888
888	1709
1709	1149
1149	1709
1709	1232
1232	1709
1709	1328
1328	1709
1709	1591
1591	1709
1710	163
163	1710
1710	168
168	1710
1710	299
299	1710
1710	580
580	1710
1710	764
764	1710
1710	837
837	1710
1710	1337
1337	1710
1710	1362
1362	1710
1710	1589
1589	1710
1711	174
174	1711
1711	219
219	1711
1711	342
342	1711
1711	719
719	1711
1711	845
845	1711
1711	1012
1012	1711
1711	1066
1066	1711
1711	1079
1079	1711
1711	1287
1287	1711
1711	1297
1297	1711
1711	1531
1531	1711
1712	358
358	1712
1712	423
423	1712
1712	657
657	1712
1712	659
659	1712
1712	886
886	1712
1712	923
923	1712
1712	1060
1060	1712
1712	1497
1497	1712
1712	1540
1540	1712
1713	67
67	1713
1713	363
363	1713
1713	403
403	1713
1713	415
415	1713
1713	549
549	1713
1713	612
612	1713
1713	670
670	1713
1713	1712
1712	1713
1714	113
113	1714
1714	552
552	1714
1714	773
773	1714
1714	984
984	1714
1714	1206
1206	1714
1715	60
60	1715
1715	146
146	1715
1715	155
155	1715
1715	188
188	1715
1715	619
619	1715
1715	695
695	1715
1715	729
729	1715
1715	780
780	1715
1715	968
968	1715
1716	116
116	1716
1716	262
262	1716
1716	278
278	1716
1716	581
581	1716
1716	594
594	1716
1716	885
885	1716
1716	1296
1296	1716
1716	1333
1333	1716
1716	1460
1460	1716
1716	1709
1709	1716
1717	41
41	1717
1717	133
133	1717
1717	293
293	1717
1717	309
309	1717
1717	348
348	1717
1717	522
522	1717
1717	734
734	1717
1717	751
751	1717
1717	1491
1491	1717
1717	1508
1508	1717
1718	69
69	1718
1718	131
131	1718
1718	414
414	1718
1718	500
500	1718
1718	533
533	1718
1718	688
688	1718
1718	910
910	1718
1718	1500
1500	1718
1720	27
27	1720
1720	433
433	1720
1720	435
435	1720
1720	539
539	1720
1720	741
741	1720
1720	786
786	1720
1720	1289
1289	1720
1720	1687
1687	1720
1721	59
59	1721
1721	218
218	1721
1721	357
357	1721
1721	361
361	1721
1721	493
493	1721
1721	557
557	1721
1721	600
600	1721
1721	674
674	1721
1721	703
703	1721
1721	1017
1017	1721
1721	1185
1185	1721
1722	645
645	1722
1722	669
669	1722
1722	703
703	1722
1722	807
807	1722
1722	918
918	1722
1722	1108
1108	1722
1722	1164
1164	1722
1722	1412
1412	1722
1722	1499
1499	1722
1722	1631
1631	1722
1723	196
196	1723
1723	213
213	1723
1723	488
488	1723
1723	610
610	1723
1723	848
848	1723
1723	1295
1295	1723
1724	259
259	1724
1724	1052
1052	1724
1724	1213
1213	1724
1724	1223
1223	1724
1724	1260
1260	1724
1724	1267
1267	1724
1724	1273
1273	1724
1724	1315
1315	1724
1724	1371
1371	1724
1724	1397
1397	1724
1725	369
369	1725
1725	418
418	1725
1725	452
452	1725
1725	971
971	1725
1725	1160
1160	1725
1725	1232
1232	1725
1725	1297
1297	1725
1725	1334
1334	1725
1725	1344
1344	1725
1725	1348
1348	1725
1725	1591
1591	1725
1726	207
207	1726
1726	468
468	1726
1726	498
498	1726
1726	510
510	1726
1726	514
514	1726
1726	754
754	1726
1726	765
765	1726
1726	948
948	1726
1726	1025
1025	1726
1726	1211
1211	1726
1726	1689
1689	1726
1727	482
482	1727
1727	681
681	1727
1727	779
779	1727
1727	850
850	1727
1727	925
925	1727
1727	1096
1096	1727
1728	113
113	1728
1728	331
331	1728
1728	360
360	1728
1728	645
645	1728
1728	838
838	1728
1728	1076
1076	1728
1728	1132
1132	1728
1728	1587
1587	1728
1729	50
50	1729
1729	146
146	1729
1729	247
247	1729
1729	358
358	1729
1729	469
469	1729
1729	657
657	1729
1729	780
780	1729
1729	826
826	1729
1729	968
968	1729
1729	1161
1161	1729
1730	36
36	1730
1730	58
58	1730
1730	238
238	1730
1730	295
295	1730
1730	393
393	1730
1730	541
541	1730
1730	607
607	1730
1730	1238
1238	1730
1730	1411
1411	1730
1731	202
202	1731
1731	244
244	1731
1731	593
593	1731
1731	759
759	1731
1731	779
779	1731
1731	986
986	1731
1731	1032
1032	1731
1731	1436
1436	1731
1731	1525
1525	1731
1731	1651
1651	1731
1732	629
629	1732
1732	677
677	1732
1732	788
788	1732
1732	1352
1352	1732
1732	1569
1569	1732
1733	70
70	1733
1733	284
284	1733
1733	556
556	1733
1733	590
590	1733
1733	609
609	1733
1733	673
673	1733
1733	678
678	1733
1733	814
814	1733
1733	1217
1217	1733
1733	1339
1339	1733
1733	1372
1372	1733
1733	1586
1586	1733
1734	37
37	1734
1734	216
216	1734
1734	387
387	1734
1734	525
525	1734
1734	745
745	1734
1734	756
756	1734
1734	834
834	1734
1734	939
939	1734
1734	1010
1010	1734
1734	1392
1392	1734
1735	8
8	1735
1735	538
538	1735
1735	550
550	1735
1735	588
588	1735
1735	761
761	1735
1735	847
847	1735
1735	1107
1107	1735
1735	1331
1331	1735
1735	1565
1565	1735
1736	103
103	1736
1736	395
395	1736
1736	654
654	1736
1736	900
900	1736
1736	1522
1522	1736
1737	156
156	1737
1737	188
188	1737
1737	290
290	1737
1737	436
436	1737
1737	494
494	1737
1737	815
815	1737
1737	997
997	1737
1737	1233
1233	1737
1737	1502
1502	1737
1737	1539
1539	1737
1738	20
20	1738
1738	47
47	1738
1738	141
141	1738
1738	220
220	1738
1738	268
268	1738
1738	299
299	1738
1738	1215
1215	1738
1738	1385
1385	1738
1738	1446
1446	1738
1739	167
167	1739
1739	208
208	1739
1739	290
290	1739
1739	306
306	1739
1739	565
565	1739
1739	790
790	1739
1739	1004
1004	1739
1739	1058
1058	1739
1739	1330
1330	1739
1739	1562
1562	1739
1740	598
598	1740
1740	618
618	1740
1740	1021
1021	1740
1740	1026
1026	1740
1740	1317
1317	1740
1740	1482
1482	1740
1740	1530
1530	1740
1740	1562
1562	1740
1740	1574
1574	1740
1740	1686
1686	1740
1740	1728
1728	1740
1741	3
3	1741
1741	37
37	1741
1741	213
213	1741
1741	298
298	1741
1741	650
650	1741
1741	718
718	1741
1741	893
893	1741
1741	1262
1262	1741
1741	1273
1273	1741
1741	1469
1469	1741
1741	1739
1739	1741
1742	19
19	1742
1742	195
195	1742
1742	218
218	1742
1742	428
428	1742
1742	450
450	1742
1742	542
542	1742
1742	557
557	1742
1742	581
581	1742
1742	709
709	1742
1742	747
747	1742
1742	787
787	1742
1742	1263
1263	1742
1743	188
188	1743
1743	333
333	1743
1743	599
599	1743
1743	819
819	1743
1743	949
949	1743
1743	1382
1382	1743
1743	1459
1459	1743
1743	1464
1464	1743
1744	782
782	1744
1744	889
889	1744
1744	975
975	1744
1744	1327
1327	1744
1744	1460
1460	1744
1744	1526
1526	1744
1744	1636
1636	1744
1744	1683
1683	1744
1744	1704
1704	1744
1745	64
64	1745
1745	133
133	1745
1745	309
309	1745
1745	333
333	1745
1745	348
348	1745
1745	522
522	1745
1745	734
734	1745
1745	768
768	1745
1745	1315
1315	1745
1745	1432
1432	1745
1746	260
260	1746
1746	568
568	1746
1746	589
589	1746
1746	666
666	1746
1746	850
850	1746
1746	918
918	1746
1746	1041
1041	1746
1746	1181
1181	1746
1747	191
191	1747
1747	598
598	1747
1747	622
622	1747
1747	805
805	1747
1747	816
816	1747
1747	930
930	1747
1747	1076
1076	1747
1747	1330
1330	1747
1747	1380
1380	1747
1747	1586
1586	1747
1748	78
78	1748
1748	192
192	1748
1748	278
278	1748
1748	448
448	1748
1748	710
710	1748
1748	744
744	1748
1748	894
894	1748
1748	903
903	1748
1748	978
978	1748
1748	1368
1368	1748
1748	1607
1607	1748
1749	511
511	1749
1749	1018
1018	1749
1749	1155
1155	1749
1749	1744
1744	1749
1750	81
81	1750
1750	286
286	1750
1750	317
317	1750
1750	639
639	1750
1750	648
648	1750
1750	930
930	1750
1750	1071
1071	1750
1750	1305
1305	1750
1750	1698
1698	1750
1751	63
63	1751
1751	546
546	1751
1751	766
766	1751
1751	823
823	1751
1751	916
916	1751
1751	1195
1195	1751
1751	1272
1272	1751
1751	1419
1419	1751
1751	1474
1474	1751
1752	122
122	1752
1752	449
449	1752
1752	680
680	1752
1752	1273
1273	1752
1752	1312
1312	1752
1752	1346
1346	1752
1752	1433
1433	1752
1752	1491
1491	1752
1752	1563
1563	1752
1753	118
118	1753
1753	119
119	1753
1753	201
201	1753
1753	347
347	1753
1753	807
807	1753
1753	1092
1092	1753
1753	1350
1350	1753
1753	1503
1503	1753
1753	1691
1691	1753
1753	1702
1702	1753
1754	325
325	1754
1754	346
346	1754
1754	672
672	1754
1754	734
734	1754
1754	889
889	1754
1754	959
959	1754
1754	1259
1259	1754
1754	1339
1339	1754
1754	1523
1523	1754
1754	1569
1569	1754
1755	137
137	1755
1755	161
161	1755
1755	671
671	1755
1755	922
922	1755
1755	1408
1408	1755
1755	1638
1638	1755
1756	95
95	1756
1756	561
561	1756
1756	681
681	1756
1756	779
779	1756
1756	850
850	1756
1756	856
856	1756
1756	925
925	1756
1756	1096
1096	1756
1756	1186
1186	1756
1757	74
74	1757
1757	132
132	1757
1757	307
307	1757
1757	346
346	1757
1757	484
484	1757
1757	560
560	1757
1757	591
591	1757
1757	771
771	1757
1757	1047
1047	1757
1757	1400
1400	1757
1758	102
102	1758
1758	310
310	1758
1758	634
634	1758
1758	713
713	1758
1758	915
915	1758
1758	1062
1062	1758
1758	1091
1091	1758
1758	1244
1244	1758
1758	1523
1523	1758
1759	78
78	1759
1759	580
580	1759
1759	622
622	1759
1759	660
660	1759
1759	873
873	1759
1759	1187
1187	1759
1759	1369
1369	1759
1759	1428
1428	1759
1759	1437
1437	1759
1760	65
65	1760
1760	291
291	1760
1760	518
518	1760
1760	595
595	1760
1760	939
939	1760
1760	1247
1247	1760
1760	1314
1314	1760
1760	1673
1673	1760
1761	243
243	1761
1761	301
301	1761
1761	722
722	1761
1761	1218
1218	1761
1761	1279
1279	1761
1761	1560
1560	1761
1761	1652
1652	1761
1761	1703
1703	1761
1762	2
2	1762
1762	357
357	1762
1762	542
542	1762
1762	543
543	1762
1762	757
757	1762
1762	763
763	1762
1762	1005
1005	1762
1762	1507
1507	1762
1763	173
173	1763
1763	240
240	1763
1763	669
669	1763
1763	703
703	1763
1763	704
704	1763
1763	807
807	1763
1763	918
918	1763
1763	1335
1335	1763
1763	1608
1608	1763
1763	1631
1631	1763
1764	88
88	1764
1764	106
106	1764
1764	499
499	1764
1764	602
602	1764
1764	1097
1097	1764
1764	1332
1332	1764
1764	1451
1451	1764
1764	1632
1632	1764
1764	1687
1687	1764
1765	76
76	1765
1765	199
199	1765
1765	512
512	1765
1765	530
530	1765
1765	611
611	1765
1765	628
628	1765
1765	740
740	1765
1765	1079
1079	1765
1765	1144
1144	1765
1765	1342
1342	1765
1766	62
62	1766
1766	219
219	1766
1766	342
342	1766
1766	797
797	1766
1766	845
845	1766
1766	1103
1103	1766
1766	1329
1329	1766
1766	1504
1504	1766
1766	1531
1531	1766
1766	1564
1564	1766
1767	281
281	1767
1767	587
587	1767
1767	775
775	1767
1767	995
995	1767
1767	1000
1000	1767
1767	1015
1015	1767
1767	1464
1464	1767
1767	1521
1521	1767
1767	1626
1626	1767
1767	1710
1710	1767
1768	69
69	1768
1768	76
76	1768
1768	123
123	1768
1768	181
181	1768
1768	371
371	1768
1768	638
638	1768
1768	746
746	1768
1768	1016
1016	1768
1769	208
208	1769
1769	306
306	1769
1769	423
423	1769
1769	659
659	1769
1769	886
886	1769
1769	1004
1004	1769
1769	1060
1060	1769
1769	1206
1206	1769
1769	1330
1330	1769
1769	1540
1540	1769
1771	105
105	1771
1771	347
347	1771
1771	379
379	1771
1771	493
493	1771
1772	217
217	1772
1772	292
292	1772
1772	883
883	1772
1772	999
999	1772
1772	1353
1353	1772
1772	1677
1677	1772
1773	75
75	1773
1773	88
88	1773
1773	106
106	1773
1773	244
244	1773
1773	260
260	1773
1773	425
425	1773
1773	602
602	1773
1773	825
825	1773
1774	188
188	1774
1774	203
203	1774
1774	290
290	1774
1774	352
352	1774
1774	494
494	1774
1774	624
624	1774
1774	1360
1360	1774
1774	1404
1404	1774
1774	1581
1581	1774
1774	1633
1633	1774
1774	1752
1752	1774
1775	48
48	1775
1775	350
350	1775
1775	587
587	1775
1775	973
973	1775
1775	995
995	1775
1775	1000
1000	1775
1775	1224
1224	1775
1775	1521
1521	1775
1775	1710
1710	1775
1776	14
14	1776
1776	614
614	1776
1776	701
701	1776
1776	933
933	1776
1776	960
960	1776
1776	1098
1098	1776
1776	1323
1323	1776
1776	1496
1496	1776
1776	1606
1606	1776
1776	1768
1768	1776
1777	64
64	1777
1777	110
110	1777
1777	198
198	1777
1777	599
599	1777
1777	789
789	1777
1777	1088
1088	1777
1777	1245
1245	1777
1777	1294
1294	1777
1777	1462
1462	1777
1777	1626
1626	1777
1778	131
131	1778
1778	473
473	1778
1778	570
570	1778
1778	588
588	1778
1778	670
670	1778
1778	864
864	1778
1778	882
882	1778
1778	939
939	1778
1778	1001
1001	1778
1779	413
413	1779
1779	463
463	1779
1779	532
532	1779
1779	604
604	1779
1779	711
711	1779
1779	820
820	1779
1779	860
860	1779
1779	1104
1104	1779
1779	1593
1593	1779
1779	1699
1699	1779
1780	20
20	1780
1780	105
105	1780
1780	212
212	1780
1780	617
617	1780
1780	865
865	1780
1780	979
979	1780
1780	1159
1159	1780
1780	1454
1454	1780
1780	1584
1584	1780
1780	1631
1631	1780
1781	9
9	1781
1781	130
130	1781
1781	170
170	1781
1781	506
506	1781
1781	511
511	1781
1781	1045
1045	1781
1781	1295
1295	1781
1781	1334
1334	1781
1781	1708
1708	1781
1781	1771
1771	1781
1782	102
102	1782
1782	260
260	1782
1782	586
586	1782
1782	589
589	1782
1782	634
634	1782
1782	1041
1041	1782
1782	1244
1244	1782
1782	1319
1319	1782
1782	1523
1523	1782
1782	1761
1761	1782
1783	98
98	1783
1783	211
211	1783
1783	243
243	1783
1783	350
350	1783
1783	955
955	1783
1783	958
958	1783
1783	1086
1086	1783
1783	1253
1253	1783
1783	1323
1323	1783
1783	1599
1599	1783
1784	43
43	1784
1784	65
65	1784
1784	518
518	1784
1784	1117
1117	1784
1784	1247
1247	1784
1784	1273
1273	1784
1784	1314
1314	1784
1784	1498
1498	1784
1784	1572
1572	1784
1784	1611
1611	1784
1785	33
33	1785
1785	108
108	1785
1785	405
405	1785
1785	702
702	1785
1785	836
836	1785
1785	942
942	1785
1785	971
971	1785
1785	1149
1149	1785
1785	1358
1358	1785
1785	1560
1560	1785
1785	1738
1738	1785
1786	452
452	1786
1786	676
676	1786
1786	1012
1012	1786
1786	1344
1344	1786
1786	1395
1395	1786
1786	1591
1591	1786
1787	78
78	1787
1787	81
81	1787
1787	388
388	1787
1787	622
622	1787
1787	678
678	1787
1787	1129
1129	1787
1787	1369
1369	1787
1787	1428
1428	1787
1787	1437
1437	1787
1787	1607
1607	1787
1788	176
176	1788
1788	452
452	1788
1788	533
533	1788
1788	688
688	1788
1788	866
866	1788
1788	1048
1048	1788
1788	1243
1243	1788
1788	1303
1303	1788
1788	1342
1342	1788
1788	1349
1349	1788
1789	72
72	1789
1789	413
413	1789
1789	532
532	1789
1789	604
604	1789
1789	744
744	1789
1789	860
860	1789
1789	991
991	1789
1789	1104
1104	1789
1789	1416
1416	1789
1789	1699
1699	1789
1790	170
170	1790
1790	486
486	1790
1790	799
799	1790
1790	1353
1353	1790
1790	1445
1445	1790
1790	1677
1677	1790
1791	330
330	1791
1791	353
353	1791
1791	622
622	1791
1791	805
805	1791
1791	816
816	1791
1791	829
829	1791
1791	930
930	1791
1791	1380
1380	1791
1791	1586
1586	1791
1791	1598
1598	1791
1791	1685
1685	1791
1792	194
194	1792
1792	224
224	1792
1792	335
335	1792
1792	367
367	1792
1792	927
927	1792
1792	1115
1115	1792
1792	1159
1159	1792
1792	1343
1343	1792
1792	1493
1493	1792
1793	81
81	1793
1793	461
461	1793
1793	730
730	1793
1793	740
740	1793
1793	930
930	1793
1793	1104
1104	1793
1793	1228
1228	1793
1793	1278
1278	1793
1793	1698
1698	1793
1794	5
5	1794
1794	18
18	1794
1794	253
253	1794
1794	541
541	1794
1794	845
845	1794
1794	1040
1040	1794
1794	1063
1063	1794
1794	1109
1109	1794
1794	1747
1747	1794
